{
  "asset": {
    "version": "2.0",
    "generator": "GLTFExporter"
  },
  "scenes": [
    {
      "name": "AuxScene",
      "nodes": [
        45
      ]
    }
  ],
  "scene": 0,
  "nodes": [
    {
      "name": "Object_4",
      "extras": {
        "transformData": {
          "eulerOrder": "ZYX",
          "parentMatrixWorld": {
            "elements": [
              1,
              0,
              0,
              0,
              0,
              1,
              0,
              0,
              0,
              0,
              1,
              0,
              0.004591464996337891,
              -2.085320441488875,
              0.12594148516654968,
              1
            ]
          }
        }
      },
      "mesh": 0,
      "skin": 0
    },
    {
      "name": "Object_6",
      "extras": {
        "transformData": {
          "eulerOrder": "ZYX",
          "parentMatrixWorld": {
            "elements": [
              1,
              0,
              0,
              0,
              0,
              1,
              0,
              0,
              0,
              0,
              1,
              0,
              0.004591464996337891,
              -2.085320441488875,
              0.12594148516654968,
              1
            ]
          }
        }
      },
      "mesh": 1,
      "skin": 1
    },
    {
      "name": "mixamorigSpine1"
    },
    {
      "name": "mixamorigSpine2"
    },
    {
      "name": "mixamorigNeck"
    },
    {
      "name": "mixamorigHead"
    },
    {
      "translation": [
        0,
        0.7185776233673096,
        0.06426037847995758
      ],
      "name": "mixamorigHeadTop_End",
      "extras": {
        "transformData": {
          "eulerOrder": "ZYX",
          "translation": [
            0,
            0.7185776233673096,
            0.06426037847995758
          ],
          "parentMatrixWorld": {
            "elements": [
              0.5814139384928221,
              -0.4486649070843162,
              -0.6787176336061892,
              0,
              0.11949398419100604,
              0.8722504712406747,
              -0.4742365453999423,
              0,
              0.8047850724007765,
              0.1946250610834427,
              0.56075134005984,
              0,
              0,
              0.264695405960083,
              0.023670971393585205,
              1
            ]
          }
        }
      }
    },
    {
      "rotation": [
        -0.19262147283747166,
        0.42722511416348546,
        -0.1636206972897555,
        0.8681036395248504
      ],
      "translation": [
        0,
        0.264695405960083,
        0.023670971393585205
      ],
      "name": "mixamorigHead",
      "extras": {
        "transformData": {
          "eulerOrder": "ZYX",
          "translation": [
            0,
            0.264695405960083,
            0.023670971393585205
          ],
          "parentMatrixWorld": {
            "elements": [
              0.9710275395786792,
              -0.13833552369983582,
              -0.1948558501838206,
              0,
              0.14393802993252147,
              0.9894756958736798,
              0.014821996257380702,
              0,
              0.1907547194889603,
              -0.04243973275836468,
              0.980719892459531,
              0,
              0,
              0.2727449228220902,
              5.075488571093523e-9,
              1
            ]
          }
        }
      },
      "children": [
        5,
        6
      ]
    },
    {
      "rotation": [
        0.014421782530849402,
        0.09711882391620807,
        -0.07109264555348183,
        0.9926257189993286
      ],
      "translation": [
        0,
        0.2727449228220902,
        5.075488571093523e-9
      ],
      "name": "mixamorigNeck",
      "extras": {
        "transformData": {
          "eulerOrder": "ZYX",
          "translation": [
            0,
            0.2727449228220902,
            5.075488571093523e-9
          ],
          "preRotation": [
            3.239587967065442,
            0,
            0
          ],
          "parentMatrixWorld": {
            "elements": [
              0.9996664799939406,
              -0.025207499037830386,
              0.005613443482958429,
              0,
              0.0225423060491811,
              0.9577904125891756,
              0.28658221739450845,
              0,
              -0.012600523539267782,
              -0.28636009652363587,
              0.9580392055013829,
              0,
              0,
              0.24243998876066097,
              6.69504590655734e-11,
              1
            ]
          }
        }
      },
      "children": [
        4,
        7
      ]
    },
    {
      "name": "mixamorigLeftShoulder"
    },
    {
      "name": "mixamorigLeftArm"
    },
    {
      "name": "mixamorigLeftForeArm"
    },
    {
      "rotation": [
        2.775557561562892e-17,
        1.3877787807814457e-17,
        2.0816681711721685e-17,
        1
      ],
      "translation": [
        -0.0006972149113264603,
        0.022145113782010784,
        -0.012320952301547727
      ],
      "name": "mixamorigLeftHandIndex4",
      "extras": {
        "transformData": {
          "eulerOrder": "ZYX",
          "translation": [
            -0.0006972149113264603,
            0.022145113782010784,
            -0.012320952301547727
          ],
          "preRotation": [
            3.1805546814635176e-15,
            1.5902773407317584e-15,
            2.3854160110976376e-15
          ],
          "parentMatrixWorld": {
            "elements": [
              0.9897239247098953,
              0.12259809255035849,
              -0.07359524052405622,
              0,
              -0.12344290603502904,
              0.9923268081846562,
              -0.007025230413590433,
              0,
              0.07216925019983886,
              0.016037849474003052,
              0.9972634488480818,
              0,
              0.0016262683973866654,
              0.0463913071708828,
              -0.029241920877924432,
              1
            ]
          }
        }
      }
    },
    {
      "rotation": [
        -0.005780736915767193,
        0.03653571754693985,
        0.06166991963982582,
        0.9974108934402466
      ],
      "translation": [
        0.0016262683973866654,
        0.0463913071708828,
        -0.029241920877924432
      ],
      "name": "mixamorigLeftHandIndex3",
      "extras": {
        "transformData": {
          "eulerOrder": "ZYX",
          "translation": [
            0.0016262683973866654,
            0.0463913071708828,
            -0.029241920877924432
          ],
          "preRotation": [
            3.1805546814635176e-15,
            1.5902773407317584e-15,
            2.3854160110976376e-15
          ],
          "parentMatrixWorld": {
            "elements": [
              0.9089017129377983,
              0.4161540312219496,
              0.026711593453023763,
              0,
              -0.3484561397808794,
              0.7227361021526448,
              0.596850800356159,
              0,
              0.22907641863816375,
              -0.5517865362026333,
              0.8019074985150216,
              0,
              -5.861400254048021e-10,
              0.039060768246958366,
              -1.503265512070584e-9,
              1
            ]
          }
        }
      },
      "children": [
        12
      ]
    },
    {
      "rotation": [
        0.3099427819252014,
        0.0546051524579525,
        0.20631873607635498,
        0.9264914393424988
      ],
      "translation": [
        -5.861400254048021e-10,
        0.039060768246958366,
        -1.503265512070584e-9
      ],
      "name": "mixamorigLeftHandIndex2",
      "extras": {
        "transformData": {
          "eulerOrder": "ZYX",
          "translation": [
            -5.861400254048021e-10,
            0.039060768246958366,
            -1.503265512070584e-9
          ],
          "preRotation": [
            3.1805545785874372e-15,
            1.5902773533281627e-15,
            6.758678751644692e-15
          ],
          "parentMatrixWorld": {
            "elements": [
              0.10785855545739663,
              0.3575020152349903,
              -0.9276631500811551,
              0,
              0.03559815909288311,
              0.9311194307332705,
              0.36297297815669527,
              0,
              0.9935287524700878,
              -0.07217285435441578,
              0.08770278098823381,
              0,
              1.0302576569642952e-9,
              0.11543435776929489,
              -2.5336681641618952e-9,
              1
            ]
          }
        }
      },
      "children": [
        13
      ]
    },
    {
      "rotation": [
        0.14919479191303253,
        0.6587029099464417,
        0.11036846786737442,
        0.7291572093963623
      ],
      "translation": [
        1.0302576569642952e-9,
        0.11543435776929489,
        -2.5336681641618952e-9
      ],
      "scale": [
        0.9999999999999999,
        1,
        1
      ],
      "name": "mixamorigLeftHandIndex1",
      "extras": {
        "transformData": {
          "eulerOrder": "ZYX",
          "translation": [
            1.0302576569642952e-9,
            0.11543435776929489,
            -2.5336681641618952e-9
          ],
          "preRotation": [
            44.79929875666939,
            84.18777755928252,
            0.000010206918528786827
          ],
          "parentMatrixWorld": {
            "elements": [
              0.9503608251203556,
              0.04839373102486456,
              -0.30736353996045945,
              0,
              -0.17733596566569243,
              0.8959321907938276,
              -0.4072560105390741,
              0,
              0.25566825024032264,
              0.4415467694777973,
              0.8600408055581155,
              0,
              1.0665784921926047e-10,
              0.541627053124377,
              -3.595283626367518e-9,
              1
            ]
          }
        }
      },
      "children": [
        14
      ]
    },
    {
      "rotation": [
        -0.2204471755140064,
        0.1462280411851266,
        0.0586254843134203,
        0.9625920337125636
      ],
      "translation": [
        1.0665784921926047e-10,
        0.541627053124377,
        -3.595283626367518e-9
      ],
      "scale": [
        0.9999999999999999,
        1,
        0.9999999999999999
      ],
      "name": "mixamorigLeftHand",
      "extras": {
        "transformData": {
          "eulerOrder": "ZYX",
          "translation": [
            1.0665784921926047e-10,
            0.541627053124377,
            -3.595283626367518e-9
          ],
          "preRotation": [
            -0.5096102651609162,
            -7.045573302231528e-7,
            11.291205802577403
          ],
          "parentMatrixWorld": {
            "elements": [
              0.42044043199311726,
              0.907219593037724,
              -0.013507522123136745,
              0,
              -0.907222059208022,
              0.42012949585150566,
              -0.02096048668126879,
              0,
              -0.013340855737056807,
              0.02106695811040866,
              0.9996890540784055,
              0,
              -1.408726468810073e-10,
              0.4242826973703657,
              4.444044465756747e-9,
              1
            ]
          }
        }
      },
      "children": [
        15
      ]
    },
    {
      "rotation": [
        -0.01246878164864094,
        0.000049446898009140194,
        0.5383119741919602,
        0.842653395816309
      ],
      "translation": [
        -1.408726468810073e-10,
        0.4242826973703657,
        4.444044465756747e-9
      ],
      "scale": [
        0.9999999999999999,
        0.9999999999999999,
        0.9999999999999999
      ],
      "name": "mixamorigLeftForeArm",
      "extras": {
        "transformData": {
          "eulerOrder": "ZYX",
          "translation": [
            -1.408726468810073e-10,
            0.4242826973703657,
            4.444044465756747e-9
          ],
          "preRotation": [
            1.0231703317036729,
            7.778175853341775e-8,
            0.7527486528673857
          ],
          "parentMatrixWorld": {
            "elements": [
              0.7376618648859261,
              0.6716796229145517,
              0.06856726706519897,
              0,
              -0.5724901099841614,
              0.5684069794859576,
              0.5909048999596684,
              0,
              0.35792465676696206,
              -0.47514209557498527,
              0.8038220814996638,
              0,
              1.085815604096041e-10,
              0.243764080939879,
              2.0561041758071497e-9,
              1
            ]
          }
        }
      },
      "children": [
        11,
        16
      ]
    },
    {
      "rotation": [
        0.30225519180830646,
        0.08204119864489995,
        0.35275814559262136,
        0.881744155622935
      ],
      "translation": [
        1.085815604096041e-10,
        0.243764080939879,
        2.0561041758071497e-9
      ],
      "name": "mixamorigLeftArm",
      "extras": {
        "transformData": {
          "eulerOrder": "ZYX",
          "translation": [
            1.085815604096041e-10,
            0.243764080939879,
            2.0561041758071497e-9
          ],
          "preRotation": [
            38.198460890288324,
            4.924015400717463,
            -3.538604090985007e-8
          ],
          "parentMatrixWorld": {
            "elements": [
              -0.07354906739880639,
              0.012155542550385699,
              -0.9972175156434238,
              0,
              0.944782346050611,
              -0.31933234260969073,
              -0.07357423926170185,
              0,
              -0.31933814258844817,
              -0.9475648225198847,
              0.01200225657468068,
              0,
              0.11679063737392426,
              0.23373260988805633,
              -0.0018647154098064694,
              1
            ]
          }
        }
      },
      "children": [
        10,
        17
      ]
    },
    {
      "rotation": [
        -0.5553784787503482,
        -0.43075934935136195,
        0.5926389429035139,
        -0.39342116083825424
      ],
      "translation": [
        0.11679063737392426,
        0.23373260988805633,
        -0.0018647154098064694
      ],
      "scale": [
        0.9999999999999999,
        0.9999999999999999,
        1
      ],
      "name": "mixamorigLeftShoulder",
      "extras": {
        "transformData": {
          "eulerOrder": "ZYX",
          "translation": [
            0.11679063737392426,
            0.23373260988805633,
            -0.0018647154098064694
          ],
          "preRotation": [
            -71.55613444229856,
            89.0809332243302,
            179.864792316907
          ],
          "parentMatrixWorld": {
            "elements": [
              0.9996664799939406,
              -0.025207499037830386,
              0.005613443482958429,
              0,
              0.0225423060491811,
              0.9577904125891756,
              0.28658221739450845,
              0,
              -0.012600523539267782,
              -0.28636009652363587,
              0.9580392055013829,
              0,
              0,
              0.24243998876066097,
              6.69504590655734e-11,
              1
            ]
          }
        }
      },
      "children": [
        9,
        18
      ]
    },
    {
      "name": "mixamorigRightShoulder"
    },
    {
      "name": "mixamorigRightArm"
    },
    {
      "name": "mixamorigRightForeArm"
    },
    {
      "rotation": [
        5.741114409416052e-34,
        1.6046192152785466e-17,
        -3.5778671692021646e-17,
        1
      ],
      "translation": [
        0.0006069866686029268,
        0.026807732521264227,
        -0.011773228998998908
      ],
      "name": "mixamorigRightHandIndex4",
      "extras": {
        "transformData": {
          "eulerOrder": "ZYX",
          "translation": [
            0.0006069866686029268,
            0.026807732521264227,
            -0.011773228998998908
          ],
          "preRotation": [
            0,
            1.8387581752210955e-15,
            -4.099933769074065e-15
          ],
          "parentMatrixWorld": {
            "elements": [
              0.9839365607094183,
              -0.16098282246811646,
              0.07715812570028291,
              0,
              0.1625903641833757,
              0.9865798663574895,
              -0.01498471226177589,
              0,
              -0.07371037217447096,
              0.02728917362343264,
              0.996906255486401,
              0,
              -0.00022693846534971307,
              0.05274556083139448,
              -0.026087083237086195,
              1
            ]
          }
        }
      }
    },
    {
      "rotation": [
        -0.010611772537231445,
        -0.03787165880203247,
        -0.08122473210096359,
        0.9959195256233215
      ],
      "translation": [
        -0.00022693846534971307,
        0.05274556083139448,
        -0.026087083237086195
      ],
      "name": "mixamorigRightHandIndex3",
      "extras": {
        "transformData": {
          "eulerOrder": "ZYX",
          "translation": [
            -0.00022693846534971307,
            0.05274556083139448,
            -0.026087083237086195
          ],
          "preRotation": [
            0,
            1.8387581752210955e-15,
            -4.099933769074065e-15
          ],
          "parentMatrixWorld": {
            "elements": [
              0.9170676009623565,
              -0.3985964885134259,
              -0.010385365668649449,
              0,
              0.35336378936779833,
              0.8003810828978515,
              0.4842769428908942,
              0,
              -0.18471883726067428,
              -0.44778450665123115,
              0.8748531240101579,
              0,
              -2.026902867768854e-9,
              0.038530703090649876,
              7.490733588966236e-10,
              1
            ]
          }
        }
      },
      "children": [
        23
      ]
    },
    {
      "rotation": [
        0.2458827942609787,
        -0.045990101993083954,
        -0.19837114214897156,
        0.9476684331893921
      ],
      "translation": [
        -2.026902867768854e-9,
        0.038530703090649876,
        7.490733588966236e-10
      ],
      "name": "mixamorigRightHandIndex2",
      "extras": {
        "transformData": {
          "eulerOrder": "ZYX",
          "translation": [
            -2.026902867768854e-9,
            0.038530703090649876,
            7.490733588966236e-10
          ],
          "preRotation": [
            6.361109591017356e-15,
            -2.335719884071372e-15,
            -3.7272125809649554e-16
          ],
          "parentMatrixWorld": {
            "elements": [
              0.006380232580936673,
              -0.36233862956673146,
              0.9320246491589481,
              0,
              -0.04247722575849355,
              0.9311041851305778,
              0.36227155190560456,
              0,
              -0.9990770312683698,
              -0.04190118795375763,
              -0.009450476814848228,
              0,
              -6.257463713854605e-10,
              0.1063774689477246,
              -1.849942199427801e-9,
              1
            ]
          }
        }
      },
      "children": [
        24
      ]
    },
    {
      "rotation": [
        -0.14553910493850708,
        0.695372998714447,
        0.11517932265996933,
        -0.6942682862281799
      ],
      "translation": [
        -6.257463713854605e-10,
        0.1063774689477246,
        -1.849942199427801e-9
      ],
      "scale": [
        1,
        1,
        0.9999999999999999
      ],
      "name": "mixamorigRightHandIndex1",
      "extras": {
        "transformData": {
          "eulerOrder": "ZYX",
          "translation": [
            -6.257463713854605e-10,
            0.1063774689477246,
            -1.849942199427801e-9
          ],
          "preRotation": [
            -138.67493721663755,
            -89.90893578639042,
            -179.99740639968715
          ],
          "parentMatrixWorld": {
            "elements": [
              0.9196874964694307,
              -0.019623071360405992,
              0.39216048032659134,
              0,
              0.05921211215290721,
              0.9942600151074049,
              -0.08911199706111425,
              0,
              -0.3881608339773476,
              0.10517583998339594,
              0.9155704276519101,
              0,
              2.772226892489016e-11,
              0.5416282986980514,
              1.7152904874251362e-8,
              1
            ]
          }
        }
      },
      "children": [
        25
      ]
    },
    {
      "rotation": [
        -0.04964134796244867,
        -0.1993753313389498,
        -0.020142716270866307,
        0.9784577021935411
      ],
      "translation": [
        2.772226892489016e-11,
        0.5416282986980514,
        1.7152904874251362e-8
      ],
      "name": "mixamorigRightHand",
      "extras": {
        "transformData": {
          "eulerOrder": "ZYX",
          "translation": [
            2.772226892489016e-11,
            0.5416282986980514,
            1.7152904874251362e-8
          ],
          "preRotation": [
            0.13855797423351923,
            5.624557634666681e-7,
            -11.73761487886808
          ],
          "parentMatrixWorld": {
            "elements": [
              0.09523524976966512,
              -0.9954471880074249,
              0.0038961878353586396,
              0,
              0.9954473484055942,
              0.09521864894954302,
              -0.004245307457237788,
              0,
              0.003854989469492283,
              0.004282752764867361,
              0.9999833984050073,
              0,
              1.0824301177603246e-10,
              0.42424745705134814,
              -3.820698868395311e-9,
              1
            ]
          }
        }
      },
      "children": [
        26
      ]
    },
    {
      "rotation": [
        -0.002881076843599714,
        -0.000013918248089295228,
        -0.6725937666388604,
        0.7400063140497412
      ],
      "translation": [
        1.0824301177603246e-10,
        0.42424745705134814,
        -3.820698868395311e-9
      ],
      "scale": [
        0.9999999999999999,
        1,
        1
      ],
      "name": "mixamorigRightForeArm",
      "extras": {
        "transformData": {
          "eulerOrder": "ZYX",
          "translation": [
            1.0824301177603246e-10,
            0.42424745705134814,
            -3.820698868395311e-9
          ],
          "preRotation": [
            1.0393175346689842,
            5.344855778329399e-9,
            -0.23838686275619014
          ],
          "parentMatrixWorld": {
            "elements": [
              0.7602542023795777,
              -0.5274263516538948,
              -0.3792558372630539,
              0,
              0.6297682927257977,
              0.4551355856718722,
              0.6294787472965065,
              0,
              -0.1593908529190802,
              -0.7174071643089489,
              0.678175135882902,
              0,
              -1.2112941205622008e-10,
              0.24376408093983493,
              2.055370984521687e-9,
              1
            ]
          }
        }
      },
      "children": [
        22,
        27
      ]
    },
    {
      "rotation": [
        0.39589881309016434,
        0.06462632476280938,
        -0.34014164249303996,
        0.8505240904187226
      ],
      "translation": [
        -1.2112941205622008e-10,
        0.24376408093983493,
        2.055370984521687e-9
      ],
      "name": "mixamorigRightArm",
      "extras": {
        "transformData": {
          "eulerOrder": "ZYX",
          "translation": [
            -1.2112941205622008e-10,
            0.24376408093983493,
            2.055370984521687e-9
          ],
          "preRotation": [
            38.186772199025484,
            -3.908021873344248,
            2.9569307131033936e-8
          ],
          "parentMatrixWorld": {
            "elements": [
              0.06680749838966449,
              -0.026757258320874888,
              0.9974070496579284,
              0,
              -0.951621615721733,
              -0.30219397366913414,
              0.05563384121502507,
              0,
              0.299921779921602,
              -0.9528708584715613,
              -0.045651618635213165,
              0,
              -0.11679063737392426,
              0.23377136557807177,
              -0.0025494230580569988,
              1
            ]
          }
        }
      },
      "children": [
        21,
        28
      ]
    },
    {
      "rotation": [
        -0.5946959497705554,
        0.411293735235663,
        -0.5453748382177749,
        -0.42395811678038414
      ],
      "translation": [
        -0.11679063737392426,
        0.23377136557807177,
        -0.0025494230580569988
      ],
      "name": "mixamorigRightShoulder",
      "extras": {
        "transformData": {
          "eulerOrder": "ZYX",
          "translation": [
            -0.11679063737392426,
            0.23377136557807177,
            -0.0025494230580569988
          ],
          "preRotation": [
            -71.61117442662785,
            -88.74196788375723,
            -179.8289443026993
          ],
          "parentMatrixWorld": {
            "elements": [
              0.9996664799939406,
              -0.025207499037830386,
              0.005613443482958429,
              0,
              0.0225423060491811,
              0.9577904125891756,
              0.28658221739450845,
              0,
              -0.012600523539267782,
              -0.28636009652363587,
              0.9580392055013829,
              0,
              0,
              0.24243998876066097,
              6.69504590655734e-11,
              1
            ]
          }
        }
      },
      "children": [
        20,
        29
      ]
    },
    {
      "rotation": [
        0.1447729790943239,
        -0.004602366072250321,
        -0.012065580365927715,
        0.9893806107713915
      ],
      "translation": [
        0,
        0.24243998876066097,
        6.69504590655734e-11
      ],
      "name": "mixamorigSpine2",
      "extras": {
        "transformData": {
          "eulerOrder": "ZYX",
          "translation": [
            0,
            0.24243998876066097,
            6.69504590655734e-11
          ],
          "preRotation": [
            -3.975693285497329e-16,
            0,
            0
          ],
          "parentMatrixWorld": {
            "elements": [
              0.999660283544864,
              -0.025184043838184265,
              0.006714269089393373,
              0,
              0.022204727965782402,
              0.9578012497537626,
              0.2865723509953734,
              0,
              -0.013647986276882428,
              -0.2863259091228147,
              0.9580350737759242,
              0,
              0,
              0.21213504987435394,
              -9.559043834261871e-11,
              1
            ]
          }
        }
      },
      "children": [
        3,
        8,
        19,
        30
      ]
    },
    {
      "rotation": [
        0.14476183890720057,
        -0.005145202449230682,
        -0.011974352563892732,
        0.9893806690405542
      ],
      "translation": [
        0,
        0.21213504987435394,
        -9.559043834261871e-11
      ],
      "name": "mixamorigSpine1",
      "extras": {
        "transformData": {
          "eulerOrder": "ZYX",
          "translation": [
            0,
            0.21213504987435394,
            -9.559043834261871e-11
          ],
          "preRotation": [
            -0.0000017048185891978688,
            0,
            0
          ],
          "parentMatrixWorld": {
            "elements": [
              0.9999671067445743,
              0.004040997531649243,
              0.007032479437224739,
              0,
              -0.004725700721111361,
              0.9949519015544327,
              0.10024161422901402,
              0,
              -0.006591902667687958,
              -0.10027155034950434,
              0.9949382708925819,
              0,
              0,
              0.18153929710388184,
              -0.010275457054376602,
              1
            ]
          }
        }
      },
      "children": [
        2,
        31
      ]
    },
    {
      "rotation": [
        0.050191967229726485,
        -0.003410422161420076,
        0.002194458565054243,
        0.9987313490860908
      ],
      "translation": [
        0,
        0.18153929710388184,
        -0.010275457054376602
      ],
      "name": "mixamorigSpine",
      "extras": {
        "transformData": {
          "eulerOrder": "ZYX",
          "translation": [
            0,
            0.18153929710388184,
            -0.010275457054376602
          ],
          "preRotation": [
            -3.2395862622468528,
            0,
            0
          ],
          "parentMatrixWorld": {
            "elements": [
              0.9775690069778014,
              -0.04357208407073286,
              0.2060589917750922,
              0,
              0.007561577698242117,
              0.9849964607740535,
              0.17240879754533653,
              0,
              -0.21047958842687806,
              -0.16698336569265929,
              0.9632314857643302,
              0,
              0.02187408397121121,
              1.9892755891612144,
              0.03841143900288061,
              1
            ]
          }
        }
      },
      "children": [
        32
      ]
    },
    {
      "rotation": [
        -9.261640870089069e-11,
        2.1724701076903572e-16,
        -1.7347234595060626e-18,
        1
      ],
      "translation": [
        -2.4584861924026313e-11,
        0.08630067234648806,
        -2.05267920716512e-12
      ],
      "name": "mixamorigLeftToe_End",
      "extras": {
        "transformData": {
          "eulerOrder": "ZYX",
          "translation": [
            -2.4584861924026313e-11,
            0.08630067234648806,
            -2.05267920716512e-12
          ],
          "preRotation": [
            -1.0613058664439505e-8,
            2.4894673657779372e-14,
            -1.9878466800971677e-16
          ],
          "parentMatrixWorld": {
            "elements": [
              0.9995944156658535,
              -0.028469522092148092,
              -0.0007003497237076037,
              0,
              0.026283910725317598,
              0.9128310741746938,
              0.4074905984573661,
              0,
              -0.010961761485926431,
              -0.40734373458542794,
              0.9132091345603789,
              0,
              -4.6071979564743515e-11,
              0.23192231323808085,
              8.408380935964743e-11,
              1
            ]
          }
        }
      }
    },
    {
      "rotation": [
        0.20829918802697045,
        -0.0026231635700705433,
        -0.013996827496183077,
        0.9779614850650424
      ],
      "translation": [
        -4.6071979564743515e-11,
        0.23192231323808085,
        8.408380935964743e-11
      ],
      "name": "mixamorigLeftToeBase",
      "extras": {
        "transformData": {
          "eulerOrder": "ZYX",
          "translation": [
            -4.6071979564743515e-11,
            0.23192231323808085,
            8.408380935964743e-11
          ],
          "preRotation": [
            22.807702605186723,
            -2.0695564918940677e-7,
            -1.610177376056371
          ],
          "parentMatrixWorld": {
            "elements": [
              0.9774227423701484,
              -0.21122889221080396,
              0.0052093747874926285,
              0,
              0.042684669469333095,
              0.22154178062173668,
              0.9742162240910747,
              0,
              -0.20693670888117888,
              -0.9519987328696261,
              0.2255562103333576,
              0,
              -2.1158708118917957e-10,
              1.0023635737321004,
              8.400643375372496e-11,
              1
            ]
          }
        }
      },
      "children": [
        34
      ]
    },
    {
      "rotation": [
        0.6185314768496132,
        -0.06812273467468573,
        -0.08153478911095631,
        0.7785436267413403
      ],
      "translation": [
        -2.1158708118917957e-10,
        1.0023635737321004,
        8.400643375372496e-11
      ],
      "scale": [
        0.9999999999999999,
        1,
        1
      ],
      "name": "mixamorigLeftFoot",
      "extras": {
        "transformData": {
          "eulerOrder": "ZYX",
          "translation": [
            -2.1158708118917957e-10,
            1.0023635737321004,
            8.400643375372496e-11
          ],
          "preRotation": [
            66.18000816370032,
            -0.18533004151585886,
            7.979677990750763e-8
          ],
          "parentMatrixWorld": {
            "elements": [
              0.999250114132541,
              0.03869016244817813,
              0.0015102179360030488,
              0,
              -0.024056056507146952,
              0.6509129251659246,
              -0.7587711647223468,
              0,
              -0.030339999568318895,
              0.7581658430703109,
              0.6513555474787278,
              0,
              -4.882927395755132e-12,
              1.0604560369311213,
              -3.1722229010267e-11,
              1
            ]
          }
        }
      },
      "children": [
        35
      ]
    },
    {
      "rotation": [
        -0.4174271318110169,
        -0.008764467391913876,
        0.017266355871045802,
        0.9085040790301488
      ],
      "translation": [
        -4.882927395755132e-12,
        1.0604560369311213,
        -3.1722229010267e-11
      ],
      "scale": [
        1,
        1,
        0.9999999999999999
      ],
      "name": "mixamorigLeftLeg",
      "extras": {
        "transformData": {
          "eulerOrder": "ZYX",
          "translation": [
            -4.882927395755132e-12,
            1.0604560369311213,
            -3.1722229010267e-11
          ],
          "preRotation": [
            0.27277757744057296,
            -8.435921130844994e-12,
            -0.8767174400279261
          ],
          "parentMatrixWorld": {
            "elements": [
              -0.9385199951432739,
              -0.152159255991623,
              0.3098832171726988,
              0,
              0.33062142576382625,
              -0.6544695743466765,
              0.6799697808918276,
              0,
              0.09934545935834678,
              0.7406193292888468,
              0.6645400357799359,
              0,
              0.15237702429294586,
              -0.10081291198730469,
              -0.01982182264328003,
              1
            ]
          }
        }
      },
      "children": [
        36
      ]
    },
    {
      "rotation": [
        0.11336836355821106,
        0.3935449100854505,
        0.9024313831629924,
        -0.1337444294277862
      ],
      "translation": [
        0.15237702429294586,
        -0.10081291198730469,
        -0.01982182264328003
      ],
      "scale": [
        1,
        0.9999999999999999,
        1
      ],
      "name": "mixamorigLeftUpLeg",
      "extras": {
        "transformData": {
          "eulerOrder": "ZYX",
          "translation": [
            0.15237702429294586,
            -0.10081291198730469,
            -0.01982182264328003
          ],
          "preRotation": [
            0.09051326213989314,
            0.00020783781910371305,
            179.86843696862127
          ],
          "parentMatrixWorld": {
            "elements": [
              0.9775690069778014,
              -0.04357208407073286,
              0.2060589917750922,
              0,
              0.007561577698242117,
              0.9849964607740535,
              0.17240879754533653,
              0,
              -0.21047958842687806,
              -0.16698336569265929,
              0.9632314857643302,
              0,
              0.02187408397121121,
              1.9892755891612144,
              0.03841143900288061,
              1
            ]
          }
        }
      },
      "children": [
        37
      ]
    },
    {
      "rotation": [
        2.0443646884728461e-10,
        9.188613378642665e-18,
        -1.73472347165969e-18,
        1
      ],
      "translation": [
        1.0082185086801587e-11,
        0.08626446174045058,
        -4.060359687363402e-12
      ],
      "name": "mixamorigRightToe_End",
      "extras": {
        "transformData": {
          "eulerOrder": "ZYX",
          "translation": [
            1.0082185086801587e-11,
            0.08626446174045058,
            -4.060359687363402e-12
          ],
          "preRotation": [
            2.3426693687014285e-8,
            1.052937532387976e-15,
            -1.9878466688150578e-16
          ],
          "parentMatrixWorld": {
            "elements": [
              0.9996104036953206,
              0.027911303261003842,
              1.3055989231403053e-7,
              0,
              -0.025824172150861455,
              0.9248604875414677,
              0.3794287754868925,
              0,
              0.010590230520033134,
              -0.3792809548145442,
              0.9252209515888375,
              0,
              4.833985989272094e-11,
              0.2367831504025959,
              -2.905619217452582e-10,
              1
            ]
          }
        }
      }
    },
    {
      "rotation": [
        0.1933448761701584,
        0.0026987153105437756,
        0.013693614862859249,
        0.981031596660614
      ],
      "translation": [
        4.833985989272094e-11,
        0.2367831504025959,
        -2.905619217452582e-10
      ],
      "name": "mixamorigRightToeBase",
      "extras": {
        "transformData": {
          "eulerOrder": "ZYX",
          "translation": [
            4.833985989272094e-11,
            0.2367831504025959,
            -2.905619217452582e-10
          ],
          "preRotation": [
            22.29832209358865,
            9.529215704887665e-8,
            1.5993986202284063
          ],
          "parentMatrixWorld": {
            "elements": [
              0.9604215999878205,
              0.2771495808947201,
              0.02790087652865471,
              0,
              -0.05765970011026748,
              0.09981154423074755,
              0.9933342780162183,
              0,
              0.2725173537306941,
              -0.9556284522285262,
              0.11184152549392089,
              0,
              -9.568879022481269e-11,
              1.002344033912896,
              3.6471187181419396e-11,
              1
            ]
          }
        }
      },
      "children": [
        39
      ]
    },
    {
      "rotation": [
        0.6612050609045488,
        0.08298858166791091,
        0.11358739066832288,
        0.7368979933314879
      ],
      "translation": [
        -9.568879022481269e-11,
        1.002344033912896,
        3.6471187181419396e-11
      ],
      "scale": [
        1,
        0.9999999999999999,
        0.9999999999999999
      ],
      "name": "mixamorigRightFoot",
      "extras": {
        "transformData": {
          "eulerOrder": "ZYX",
          "translation": [
            -9.568879022481269e-11,
            1.002344033912896,
