{
  "asset": {
    "version": "2.0",
    "generator": "GLTFExporter"
  },
  "scenes": [
    {
      "name": "AuxScene",
      "nodes": [
        33
      ]
    }
  ],
  "scene": 0,
  "nodes": [
    {
      "translation": [
        0,
        29.004135131835938,
        0
      ],
      "name": "mixamorigHeadTop_End_end",
      "extras": {
        "transformData": {
          "inheritType": 1,
          "eulerOrder": "ZYX",
          "translation": [
            0,
            29.004135131835938,
            0
          ],
          "parentMatrixWorld": {
            "elements": [
              1,
              0,
              0,
              0,
              0,
              1,
              0,
              0,
              0,
              0,
              1,
              0,
              -8.292317943414673e-10,
              28.956693649291992,
              -1.6584546566009521,
              1
            ]
          }
        }
      }
    },
    {
      "translation": [
        -8.292317943414673e-10,
        28.956693649291992,
        -1.6584546566009521
      ],
      "name": "mixamorigHeadTop_End",
      "extras": {
        "transformData": {
          "inheritType": 1,
          "eulerOrder": "ZYX",
          "translation": [
            -8.292317943414673e-10,
            28.956693649291992,
            -1.6584546566009521
          ],
          "rotation": [
            8.143710869553539e-13,
            2.7767112052097213e-12,
            -5.224833839699088e-11
          ],
          "parentMatrixWorld": {
            "elements": [
              0.9969939076978567,
              -0.04387024919046395,
              0.06386352037203902,
              0,
              0.07747695021370163,
              0.5717789174051657,
              -0.8167411281724767,
              0,
              -0.000685177606042163,
              0.8192339285789422,
              0.5734590645079454,
              0,
              9.43600753089413e-11,
              12.348647117614746,
              -0.7072522044181824,
              1
            ]
          }
        }
      },
      "children": [
        0
      ]
    },
    {
      "rotation": [
        -1.839058481776543e-7,
        -3.243746869799475e-7,
        0.000014168946958203225,
        0.9999999998995508
      ],
      "translation": [
        0.0027982653118669987,
        -156.03521728515625,
        3.3270983695983887
      ],
      "name": "expression1",
      "extras": {
        "transformData": {
          "inheritType": 1,
          "eulerOrder": "ZYX",
          "translation": [
            0.0027982653118669987,
            -156.03521728515625,
            3.3270983695983887
          ],
          "rotation": [
            -0.000021074584522869826,
            -0.00003717030248871721,
            0.001623641728589987
          ],
          "parentMatrixWorld": {
            "elements": [
              0.9969939076978567,
              -0.04387024919046395,
              0.06386352037203902,
              0,
              0.07747695021370163,
              0.5717789174051657,
              -0.8167411281724767,
              0,
              -0.000685177606042163,
              0.8192339285789422,
              0.5734590645079454,
              0,
              9.43600753089413e-11,
              12.348647117614746,
              -0.7072522044181824,
              1
            ]
          }
        }
      },
      "mesh": 0
    },
    {
      "rotation": [
        -0.46145311021382884,
        -0.01820699920391225,
        -0.03422793203014775,
        0.8863170868405816
      ],
      "translation": [
        9.43600753089413e-11,
        12.348647117614746,
        -0.7072522044181824
      ],
      "scale": [
        1,
        0.9999999403953552,
        1
      ],
      "name": "mixamorigHead",
      "extras": {
        "transformData": {
          "inheritType": 1,
          "eulerOrder": "ZYX",
          "translation": [
            9.43600753089413e-11,
            12.348647117614746,
            -0.7072522044181824
          ],
          "rotation": [
            4.0740917622871733e-13,
            -4.801767886089198e-13,
            -1.381297193900148e-13
          ],
          "scale": [
            1,
            0.9999999403953552,
            1
          ],
          "parentMatrixWorld": {
            "elements": [
              0.9978804657268028,
              -0.04881348300406484,
              0.04303277873502849,
              0,
              0.054549715326714765,
              0.9880483154671541,
              -0.14416953606693403,
              0,
              -0.03548104531080354,
              0.14621138088590688,
              0.9886168158444636,
              0,
              -5.7980287238024175e-11,
              12.187813758850098,
              0.000001195409936372016,
              1
            ]
          }
        }
      },
      "children": [
        1,
        2
      ]
    },
    {
      "rotation": [
        -0.0728273222922338,
        -0.019691209775749355,
        -0.02592341401447846,
        0.9968131345764328
      ],
      "translation": [
        -5.7980287238024175e-11,
        12.187813758850098,
        0.000001195409936372016
      ],
      "scale": [
        1,
        1,
        0.9999999403953553
      ],
      "name": "mixamorigNeck",
      "extras": {
        "transformData": {
          "inheritType": 1,
          "eulerOrder": "ZYX",
          "translation": [
            -5.7980287238024175e-11,
            12.187813758850098,
            0.000001195409936372016
          ],
          "rotation": [
            3.9678750280270245,
            9.15587114775719e-12,
            -2.8955185890082808e-11
          ],
          "scale": [
            1,
            1,
            0.9999999403953552
          ],
          "parentMatrixWorld": {
            "elements": [
              0.9941547663263092,
              -0.02904023500904089,
              -0.10398540904701935,
              0,
              0.023725951202684017,
              0.9983660665119098,
              -0.05198342489708839,
              0,
              0.10532511468583415,
              0.049212416879513735,
              0.9932193907627892,
              0,
              -1.5120349416974932e-10,
              10.833603858947754,
              -3.552080727331486e-7,
              1
            ]
          }
        }
      },
      "children": [
        3
      ]
    },
    {
      "translation": [
        0,
        27.63640022277832,
        0
      ],
      "name": "mixamorigLeftHand_end",
      "extras": {
        "transformData": {
          "inheritType": 1,
          "eulerOrder": "ZYX",
          "translation": [
            0,
            27.63640022277832,
            0
          ],
          "parentMatrixWorld": {
            "elements": [
              0.9866177414285316,
              -0.12062675275697539,
              0.10970349928267098,
              0,
              0.04459942555065251,
              0.8468099214545202,
              0.530022728305755,
              0,
              -0.1568328939088699,
              -0.5180369907804502,
              0.840857375383764,
              0,
              -0.000015536323189735413,
              27.636404037475586,
              8.940696716308594e-8,
              1
            ]
          }
        }
      }
    },
    {
      "rotation": [
        0.2733817970914754,
        -0.06952485402468203,
        -0.0430985239372976,
        0.9584212144452798
      ],
      "translation": [
        -0.000015536323189735413,
        27.636404037475586,
        8.940696716308594e-8
      ],
      "scale": [
        1.0000001192092896,
        1.0000001192092896,
        1
      ],
      "name": "mixamorigLeftHand",
      "extras": {
        "transformData": {
          "inheritType": 1,
          "eulerOrder": "ZYX",
          "translation": [
            -0.000015536323189735413,
            27.636404037475586,
            8.940696716308594e-8
          ],
          "rotation": [
            8.754532229601975e-7,
            0.000004090442472293609,
            0.000048664075173510795
          ],
          "scale": [
            1.0000001192092896,
            1.0000001192092896,
            1
          ],
          "parentMatrixWorld": {
            "elements": [
              0.7988087791122779,
              -0.11416042574011503,
              0.5906536076637381,
              0,
              -0.05315288182768546,
              0.9645960361428235,
              0.2583200662689749,
              0,
              -0.5992320576190433,
              -0.23774327770843606,
              0.7644598263724772,
              0,
              0.000001996755599975586,
              28.41903305053711,
              -5.960464477539063e-8,
              1
            ]
          }
        }
      },
      "children": [
        5
      ]
    },
    {
      "rotation": [
        0.13205389116918512,
        -0.316751970910169,
        -0.016240435821284767,
        0.9391305472458097
      ],
      "translation": [
        0.000001996755599975586,
        28.41903305053711,
        -5.960464477539063e-8
      ],
      "scale": [
        0.9999998807907103,
        1,
        0.9999998807907103
      ],
      "name": "mixamorigLeftForeArm",
      "extras": {
        "transformData": {
          "inheritType": 1,
          "eulerOrder": "ZYX",
          "translation": [
            0.000001996755599975586,
            28.41903305053711,
            -5.960464477539063e-8
          ],
          "rotation": [
            0.32468392781054584,
            1.0191320991707795,
            0.7118820691341325
          ],
          "scale": [
            0.9999998807907104,
            1,
            0.9999998807907104
          ],
          "parentMatrixWorld": {
            "elements": [
              0.8035339762259102,
              0.13626191016228154,
              0.5794530549203478,
              0,
              -0.12375967566567232,
              0.9904180056668658,
              -0.06128390348150883,
              0,
              -0.5822513660634786,
              -0.022469221738745146,
              0.8126981994920672,
              0,
              0.000007528811693191528,
              9.043511390686035,
              -2.60770320892334e-8,
              1
            ]
          }
        }
      },
      "children": [
        6
      ]
    },
    {
      "rotation": [
        -0.010219131890560694,
        -0.3058536339118345,
        0.06845850210142243,
        0.9495591411083151
      ],
      "translation": [
        0.000007528811693191528,
        9.043511390686035,
        -2.60770320892334e-8
      ],
      "scale": [
        1,
        1,
        0.9999999403953551
      ],
      "name": "mixamorigLeftArm",
      "extras": {
        "transformData": {
          "inheritType": 1,
          "eulerOrder": "ZYX",
          "translation": [
            0.000007528811693191528,
            9.043511390686035,
            -2.60770320892334e-8
          ],
          "rotation": [
            -0.24509936401435062,
            -1.0143825563766817,
            -37.45745750273985
          ],
          "scale": [
            1,
            1,
            0.9999999403953552
          ],
          "parentMatrixWorld": {
            "elements": [
              -0.2635330487467169,
              -0.9609275296343559,
              -0.08466733840440047,
              0,
              0.9643298652965887,
              -0.26469082315073605,
              0.002550089982422326,
              0,
              -0.024861123107788125,
              -0.08097521664063848,
              0.9964060109645124,
              0,
              4.291809558868408,
              10.759698867797852,
              -0.09002018719911575,
              1
            ]
          }
        }
      },
      "children": [
        7
      ]
    },
    {
      "rotation": [
        0.034466575171861,
        0.024678932587658978,
        -0.7944541992208816,
        0.6058428082756628
      ],
      "translation": [
        4.291809558868408,
        10.759698867797852,
        -0.09002018719911575
      ],
      "scale": [
        1,
        0.9999999403953551,
        1
      ],
      "name": "mixamorigLeftShoulder",
      "extras": {
        "transformData": {
          "inheritType": 1,
          "eulerOrder": "ZYX",
          "translation": [
            4.291809558868408,
            10.759698867797852,
            -0.09002018719911575
          ],
          "rotation": [
            -1.1454158936219683,
            3.9215962275319565,
            -108.5234413826069
          ],
          "scale": [
            1,
            0.9999999403953552,
            1
          ],
          "parentMatrixWorld": {
            "elements": [
              0.9941547663263092,
              -0.02904023500904089,
              -0.10398540904701935,
              0,
              0.023725951202684017,
              0.9983660665119098,
              -0.05198342489708839,
              0,
              0.10532511468583415,
              0.049212416879513735,
              0.9932193907627892,
              0,
              -1.5120349416974932e-10,
              10.833603858947754,
              -3.552080727331486e-7,
              1
            ]
          }
        }
      },
      "children": [
        8
      ]
    },
    {
      "translation": [
        0,
        27.636417388916016,
        0
      ],
      "name": "mixamorigRightHand_end",
      "extras": {
        "transformData": {
          "inheritType": 1,
          "eulerOrder": "ZYX",
          "translation": [
            0,
            27.636417388916016,
            0
          ],
          "parentMatrixWorld": {
            "elements": [
              0.9563483316295602,
              0.17332695189964745,
              -0.23527778881059763,
              0,
              -0.23256284290160073,
              0.9389340281480905,
              -0.2536087874813374,
              0,
              0.17695308492352504,
              0.29725521144532707,
              0.9382573992405565,
              0,
              0.0000022221356630325317,
              27.63642692565918,
              1.2665987014770508e-7,
              1
            ]
          }
        }
      }
    },
    {
      "rotation": [
        -0.14067418405744653,
        0.10527143163980138,
        0.10365210979872252,
        0.9789713774023214
      ],
      "translation": [
        0.0000022221356630325317,
        27.63642692565918,
        1.2665987014770508e-7
      ],
      "scale": [
        0.9999999999999999,
        1,
        1
      ],
      "name": "mixamorigRightHand",
      "extras": {
        "transformData": {
          "inheritType": 1,
          "eulerOrder": "ZYX",
          "translation": [
            0.0000022221356630325317,
            27.63642692565918,
            1.2665987014770508e-7
          ],
          "rotation": [
            5.102633084341788e-7,
            -0.0000016275060131671007,
            -0.000009392200569022222
          ],
          "parentMatrixWorld": {
            "elements": [
              0.9862912001535998,
              -0.14502666168733955,
              -0.0787221330142633,
              0,
              0.05128592010324687,
              -0.1840306225698964,
              0.9815816198552882,
              0,
              -0.15684276139188244,
              -0.9721624770522118,
              -0.1740699266100665,
              0,
              -9.73232090473175e-8,
              28.41876792907715,
              2.4586915969848633e-7,
              1
            ]
          }
        }
      },
      "children": [
        10
      ]
    },
    {
      "rotation": [
        0.7655703171711075,
        -0.030611402438496728,
        -0.07692464333019765,
        0.6380028427931573
      ],
      "translation": [
        -9.73232090473175e-8,
        28.41876792907715,
        2.4586915969848633e-7
      ],
      "scale": [
        1.0000001192092896,
        0.9999999999999999,
        0.9999999403953553
      ],
      "name": "mixamorigRightForeArm",
      "extras": {
        "transformData": {
          "inheritType": 1,
          "eulerOrder": "ZYX",
          "translation": [
            -9.73232090473175e-8,
            28.41876792907715,
            2.4586915969848633e-7
          ],
          "rotation": [
            -0.03369488731567326,
            0.1104241152087391,
            -0.7107779263661176
          ],
          "scale": [
            1.0000001192092896,
            1,
            0.9999999403953552
          ],
          "parentMatrixWorld": {
            "elements": [
              0.571122013489684,
              0.7681318525448239,
              -0.2894703728405867,
              0,
              -0.8208382949960796,
              0.531563647662529,
              -0.20896041759677492,
              0,
              -0.006637227096522792,
              0.35695024150169335,
              0.9340996911242712,
              0,
              0.0000011334195733070374,
              9.043509483337402,
              -1.4901161193847656e-8,
              1
            ]
          }
        }
      },
      "children": [
        11
      ]
    },
    {
      "rotation": [
        -0.16237189694174745,
        0.08115088320354868,
        0.45590956056047116,
        0.8713187515267751
      ],
      "translation": [
        0.0000011334195733070374,
        9.043509483337402,
        -1.4901161193847656e-8
      ],
      "scale": [
        0.9999999999999999,
        0.9999999403953551,
        0.9999998807907103
      ],
      "name": "mixamorigRightArm",
      "extras": {
        "transformData": {
          "inheritType": 1,
          "eulerOrder": "ZYX",
          "translation": [
            0.0000011334195733070374,
            9.043509483337402,
            -1.4901161193847656e-8
          ],
          "rotation": [
            -0.04542971926881713,
            -0.06602573782932737,
            37.460828201095254
          ],
          "scale": [
            1,
            0.9999999403953552,
            0.9999998807907104
          ],
          "parentMatrixWorld": {
            "elements": [
              -0.26091336400702714,
              0.9393908241793818,
              0.2224165016634111,
              0,
              -0.8485650997552004,
              -0.33302898011707555,
              0.41113133474183666,
              0,
              0.4602841155049757,
              -0.08146521702909208,
              0.8840259230434184,
              0,
              -4.291809558868408,
              10.760948181152344,
              -0.10801003873348236,
              1
            ]
          }
        }
      },
      "children": [
        12
      ]
    },
    {
      "rotation": [
        0.21684651275416889,
        0.10471199567680756,
        0.7870781917731515,
        0.5679092441586476
      ],
      "translation": [
        -4.291809558868408,
        10.760948181152344,
        -0.10801003873348236
      ],
      "scale": [
        1,
        0.9999999999999999,
        0.9999999403953553
      ],
      "name": "mixamorigRightShoulder",
      "extras": {
        "transformData": {
          "inheritType": 1,
          "eulerOrder": "ZYX",
          "translation": [
            -4.291809558868408,
            10.760948181152344,
            -0.10801003873348236
          ],
          "rotation": [
            -1.3734505102427181,
            -3.6044022424765645,
            108.5164472688968
          ],
          "scale": [
            1,
            1,
            0.9999999403953552
          ],
          "parentMatrixWorld": {
            "elements": [
              0.9941547663263092,
              -0.02904023500904089,
              -0.10398540904701935,
              0,
              0.023725951202684017,
              0.9983660665119098,
              -0.05198342489708839,
              0,
              0.10532511468583415,
              0.049212416879513735,
              0.9932193907627892,
              0,
              -1.5120349416974932e-10,
              10.833603858947754,
              -3.552080727331486e-7,
              1
            ]
          }
        }
      },
      "children": [
        13
      ]
    },
    {
      "rotation": [
        -0.025344176114099632,
        0.05242115370442438,
        -0.013215123198160279,
        0.9982159345111263
      ],
      "translation": [
        -1.5120349416974932e-10,
        10.833603858947754,
        -3.552080727331486e-7
      ],
      "name": "mixamorigSpine2",
      "extras": {
        "transformData": {
          "inheritType": 1,
          "eulerOrder": "ZYX",
          "translation": [
            -1.5120349416974932e-10,
            10.833603858947754,
            -3.552080727331486e-7
          ],
          "rotation": [
            0.000004268868231257969,
            1.6284419585899752e-12,
            5.414576289723491e-11
          ],
          "parentMatrixWorld": {
            "elements": [
              0.9941912162096734,
              -0.02807805746069778,
              -0.10390114724583703,
              0,
              0.02269298808804619,
              0.998354995761751,
              -0.05265292733561819,
              0,
              0.10520862132640628,
              0.04998925039053745,
              0.993192942463401,
              0,
              1.2778400559909642e-10,
              9.47940731048584,
              9.552966275805375e-7,
              1
            ]
          }
        }
      },
      "children": [
        4,
        9,
        14
      ]
    },
    {
      "rotation": [
        -0.02570640963126429,
        0.052370881911317516,
        -0.012715448202644761,
        0.998215806859718
      ],
      "translation": [
        1.2778400559909642e-10,
        9.47940731048584,
        9.552966275805375e-7
      ],
      "name": "mixamorigSpine1",
      "extras": {
        "transformData": {
          "inheritType": 1,
          "eulerOrder": "ZYX",
          "translation": [
            1.2778400559909642e-10,
            9.47940731048584,
            9.552966275805375e-7
          ],
          "rotation": [
            -0.000007257075993138548,
            1.6284438998464947e-12,
            -1.9337774404554703e-12
          ],
          "parentMatrixWorld": {
            "elements": [
              0.9703337383936356,
              -0.07948492070745498,
              -0.22832999191411865,
              0,
              0.03692599194682159,
              0.9820552025563122,
              -0.18494305087029433,
              0,
              0.23893283989029587,
              0.17102517089523783,
              0.9558563554484217,
              0,
              -3.504396772768814e-11,
              8.105735778808594,
              -0.5622408986091614,
              1
            ]
          }
        }
      },
      "children": [
        15
      ]
    },
    {
      "rotation": [
        -0.09003064045141027,
        0.1181790064645874,
        -0.029442371409674546,
        0.9884641528652951
      ],
      "translation": [
        -3.504396772768814e-11,
        8.105735778808594,
        -0.5622408986091614
      ],
      "scale": [
        1,
        0.9999999403953551,
        0.9999999403953551
      ],
      "name": "mixamorigSpine",
      "extras": {
        "transformData": {
          "inheritType": 1,
          "eulerOrder": "ZYX",
          "translation": [
            -3.504396772768814e-11,
            8.105735778808594,
            -0.5622408986091614
          ],
          "rotation": [
            -3.967871612932439,
            -5.716564443559937e-12,
            -2.1555072553801197e-11
          ],
          "scale": [
            1,
            0.9999999403953552,
            0.9999999403953552
          ],
          "parentMatrixWorld": {
            "elements": [
              0.9177963563044187,
              0.05891429879903866,
              -0.39265627832480154,
              0,
              -0.156167511709577,
              0.9627880417155731,
              -0.2205694780202164,
              0,
              0.36505007300000025,
              0.26375801740362165,
              0.8928438560904752,
              0,
              -1.4559163174500078,
              80.1405017762494,
              32.97890696772673,
              1
            ]
          }
        }
      },
      "children": [
        16
      ]
    },
    {
      "translation": [
        0,
        4.166897296905518,
        0
      ],
      "name": "mixamorigLeftToe_End_end",
      "extras": {
        "transformData": {
          "inheritType": 1,
          "eulerOrder": "ZYX",
          "translation": [
            0,
            4.166897296905518,
            0
          ],
          "parentMatrixWorld": {
            "elements": [
              1.0000001192092896,
              0,
              0,
              0,
              0,
              0.9999999999999999,
              0,
              0,
              0,
              0,
              1.0000001192092896,
              0,
              -0.0000015410187188535929,
              4.166898727416992,
              4.3213367462158203e-7,
              1
            ]
          }
        }
      }
    },
    {
      "translation": [
        -0.0000015410187188535929,
        4.166898727416992,
        4.3213367462158203e-7
      ],
      "scale": [
        1.0000001192092896,
        0.9999999999999999,
        1.0000001192092896
      ],
      "name": "mixamorigLeftToe_End",
      "extras": {
        "transformData": {
          "inheritType": 1,
          "eulerOrder": "ZYX",
          "translation": [
            -0.0000015410187188535929,
            4.166898727416992,
            4.3213367462158203e-7
          ],
          "rotation": [
            -0.000005700413400501991,
            -0.000008598913032369829,
            5.284017382548627e-8
          ],
          "scale": [
            1.0000001192092896,
            1,
            1.0000001192092896
          ],
          "parentMatrixWorld": {
            "elements": [
              0.999571014716122,
              -0.02185230451521669,
              0.019500341880150027,
              0,
              0.029050911426103193,
              0.6552159784334433,
              -0.7548826618131785,
              0,
              0.0037189904767965364,
              0.755125420981019,
              0.6555698079277725,
              0,
              0.0000018124701455235481,
              11.052742958068848,
              0.000003419816493988037,
              1
            ]
          }
        }
      },
      "children": [
        18
      ]
    },
    {
      "rotation": [
        -0.41496540525900033,
        -0.004336873798872718,
        -0.01398871572345545,
        0.9097193125296575
      ],
      "translation": [
        0.0000018124701455235481,
        11.052742958068848,
        0.000003419816493988037
      ],
      "scale": [
        1,
        0.9999998807907103,
        1
      ],
      "name": "mixamorigLeftToeBase",
      "extras": {
        "transformData": {
          "inheritType": 1,
          "eulerOrder": "ZYX",
          "translation": [
            0.0000018124701455235481,
            11.052742958068848,
            0.000003419816493988037
          ],
          "rotation": [
            -29.371329733050572,
            -0.3329067818801536,
            -0.25114899062827784
          ],
          "scale": [
            1,
            0.9999998807907104,
            1
          ],
          "parentMatrixWorld": {
            "elements": [
              -0.9362222715568711,
              0.024347671349501054,
              -0.3505639071889563,
              0,
              -0.3401474290826363,
              0.1877323085545532,
              0.9214423856235295,
              0,
              0.08824715874805067,
              0.9819184102820574,
              -0.16747739209599422,
              0,
              1.1920928955078125e-7,
              44.28069305419922,
              2.0489096641540527e-7,
              1
            ]
          }
        }
      },
      "children": [
        19
      ]
    },
    {
      "rotation": [
        -0.10431058144446817,
        0.7568738327136921,
        0.6286916073336127,
        0.1449419463887712
      ],
      "translation": [
        1.1920928955078125e-7,
        44.28069305419922,
        2.0489096641540527e-7
      ],
      "scale": [
        1,
        0.9999998807907104,
        1
      ],
      "name": "mixamorigLeftFoot",
      "extras": {
        "transformData": {
          "inheritType": 1,
          "eulerOrder": "ZYX",
          "translation": [
            1.1920928955078125e-7,
            44.28069305419922,
            2.0489096641540527e-7
          ],
          "rotation": [
            -60.14825092558724,
            159.90976854655088,
            -2.7871489773867943
          ],
          "scale": [
            1,
            0.9999998807907104,
            1
          ],
          "parentMatrixWorld": {
            "elements": [
              0.632427263977176,
              -0.7211265860704374,
              -0.28286427542464276,
              0,
              -0.3189109585704227,
              0.09039240510259695,
              -0.9434642991024724,
              0,
              0.7059260158321975,
              0.686881101992821,
              -0.1728085590565409,
              0,
              -3.725290298461914e-9,
              48.79436111450195,
              -5.960464477539063e-8,
              1
            ]
          }
        }
      },
      "children": [
        20
      ]
    },
    {
      "rotation": [
        -0.6547601493186861,
        0.39710631623337644,
        -0.16153309759603335,
        0.6224972071935866
      ],
      "translation": [
        -3.725290298461914e-9,
        48.79436111450195,
        -5.960464477539063e-8
      ],
      "scale": [
        1,
        0.9999999403953552,
        1
      ],
      "name": "mixamorigLeftLeg",
      "extras": {
        "transformData": {
          "inheritType": 1,
          "eulerOrder": "ZYX",
          "translation": [
            -3.725290298461914e-9,
            48.79436111450195,
            -5.960464477539063e-8
          ],
          "rotation": [
            0.8139028438584676,
            30.57060166827809,
            -0.5549478007825114
          ],
          "scale": [
            1,
            0.9999999403953552,
            1
          ],
          "parentMatrixWorld": {
            "elements": [
              -0.9168546113070742,
              -0.160153756113394,
              0.3656010565881338,
              0,
              0.30861996104978046,
              -0.8653416801097258,
              0.39488920296642915,
              0,
              0.2531349282203038,
              0.47490294648890313,
              0.8428460307696368,
              0,
              7.464108467102051,
              -4.49095344543457,
              -0.22594574093818665,
              1
            ]
          }
        }
      },
      "children": [
        21
      ]
    },
    {
      "rotation": [
        -0.16248952071048237,
        -0.22841637375494514,
        -0.9519811035432026,
        0.12310614380099032
      ],
      "translation": [
        7.464108467102051,
        -4.49095344543457,
        -0.22594574093818665
      ],
      "scale": [
        0.9999678134918213,
        0.999999940395355,
        0.9999997615814208
      ],
      "name": "mixamorigLeftUpLeg",
      "extras": {
        "transformData": {
          "inheritType": 1,
          "eulerOrder": "ZYX",
          "translation": [
            7.464108467102051,
            -4.49095344543457,
            -0.22594574093818665
          ],
          "rotation": [
            -0.32681473338817824,
            -9.947711195901888,
            -176.19067190505683
          ],
          "scale": [
            0.9999678134918213,
            0.9999999403953552,
            0.9999997615814209
          ],
          "parentMatrixWorld": {
            "elements": [
              0.9177963563044187,
              0.05891429879903866,
              -0.39265627832480154,
              0,
              -0.156167511709577,
              0.9627880417155731,
              -0.2205694780202164,
              0,
              0.36505007300000025,
              0.26375801740362165,
              0.8928438560904752,
              0,
              -1.4559163174500078,
              80.1405017762494,
              32.97890696772673,
              1
            ]
          }
        }
      },
      "children": [
        22
      ]
    },
    {
      "translation": [
        0,
        4.153532981872559,
        0
      ],
      "name": "mixamorigRightToe_End_end",
      "extras": {
        "transformData": {
          "inheritType": 1,
          "eulerOrder": "ZYX",
          "translation": [
            0,
            4.153532981872559,
            0
          ],
          "parentMatrixWorld": {
            "elements": [
              0.9999999999999999,
              0,
              0,
              0,
              0,
              0.9999999403953553,
              0,
              0,
              0,
              0,
              0.9999999403953552,
              0,
              4.2983447201550007e-7,
              4.153531551361084,
              1.601874828338623e-7,
              1
            ]
          }
        }
      }
    },
    {
      "translation": [
        4.2983447201550007e-7,
        4.153531551361084,
        1.601874828338623e-7
      ],
      "scale": [
        0.9999999999999999,
        0.9999999403953553,
        0.9999999403953552
      ],
      "name": "mixamorigRightToe_End",
      "extras": {
        "transformData": {
          "inheritType": 1,
          "eulerOrder": "ZYX",
          "translation": [
            4.2983447201550007e-7,
            4.153531551361084,
            1.601874828338623e-7
          ],
          "rotation": [
            -5.53345371927537e-7,
            0.00000685718225770552,
            2.0010288028474916e-8
          ],
          "scale": [
            1,
            0.9999999403953552,
            0.9999999403953552
          ],
          "parentMatrixWorld": {
            "elements": [
              0.9888593674730921,
              0.03774980936639951,
              -0.1439864673912223,
              0,
              -0.13004599030513653,
              0.6897345033942074,
              -0.7122881034907462,
              0,
              0.07242370161149252,
              0.7230777126400486,
              0.6869597181589727,
              0,
              6.323680281639099e-7,
              11.052066802978516,
              0.0000032410025596618652,
              1
            ]
          }
        }
      },
      "children": [
        24
      ]
    },
    {
      "rotation": [
        -0.3912049423933325,
        0.05898198804319994,
        0.045732279080816715,
        0.9172722366132922
      ],
      "translation": [
        6.323680281639099e-7,
        11.052066802978516,
        0.0000032410025596618652
      ],
      "scale": [
        0.9999999999999999,
        0.9999999999999999,
        1.0000001192092896
      ],
      "name": "mixamorigRightToeBase",
      "extras": {
        "transformData": {
          "inheritType": 1,
          "eulerOrder": "ZYX",
          "translation": [
            6.323680281639099e-7,
            11.052066802978516,
            0.0000032410025596618652
          ],
          "rotation": [
            -29.37035301599926,
            0.3321764585670647,
            0.25097092546218147
          ],
          "scale": [
            1,
            1,
            1.0000001192092896
          ],
          "parentMatrixWorld": {
            "elements": [
              -0.8677154461159358,
              -0.414085020055294,
              0.27496087134457614,
              0,
              0.2019325299882967,
              0.21180208246387935,
              0.9562234891429648,
              0,
              -0.4541950546397657,
              0.8852533401794768,
              -0.1001666824866505,
              0,
              7.916241884231567e-7,
              44.28072738647461,
              1.6763806343078613e-7,
              1
            ]
          }
        }
      },
      "children": [
        25
      ]
    },
    {
      "rotation": [
        0.0718491112603491,
        -0.7381876769862954,
        -0.6236478786972218,
        0.24694124160984834
      ],
      "translation": [
        7.916241884231567e-7,
        44.28072738647461,
        1.6763806343078613e-7
      ],
      "scale": [
        1,
        1.0000001192092896,
        1
      ],
      "name": "mixamorigRightFoot",
      "extras": {
        "transformData": {
          "inheritType": 1,
          "eulerOrder": "ZYX",
          "translation": [
            7.916241884231567e-7,
            44.28072738647461,
            1.6763806343078613e-7
          ],
          "rotation": [
            -60.15092835974188,
            -159.7196434008144,
            2.7906850943861565
          ],
          "scale": [
            1,
            1.0000001192092896,
            1
          ],
          "parentMatrixWorld": {
            "elements": [
              0.9648614684127411,
              -0.25739515535209445,
              0.0528212087356088,
              0,
              0.16350062178983743,
              0.4307573750718253,
              -0.8875334469512086,
              0,
              0.2056937112622097,
              0.8649832282581092,
              0.4577055165518981,
              0,
              0.0000012218952178955078,
              48.793968200683594,
              -2.384185791015625e-7,
              1
            ]
          }
        }
      },
      "children": [
        26
      ]
    },
    {
      "rotation": [
        -0.5187481641778987,
        0.04525053775903921,
        -0.12458593269766519,
        0.8445892887508555
      ],
      "translation": [
        0.0000012218952178955078,
        48.793968200683594,
        -2.384185791015625e-7
      ],
      "scale": [
        0.9999999999999999,
        1,
        1.0000001192092896
      ],
      "name": "mixamorigRightLeg",
      "extras": {
        "transformData": {
          "inheritType": 1,
          "eulerOrder": "ZYX",
          "translation": [
            0.0000012218952178955078,
            48.793968200683594,
            -2.384185791015625e-7
          ],
          "rotation": [
            0.7461396299682719,
            -27.884067994111344,
            0.5725064028696158
          ],
          "scale": [
            1,
            1,
            1.0000001192092896
          ],
          "parentMatrixWorld": {
            "elements": [
              -0.7888784329877813,
              0.44003946363563345,
              -0.42893441397466175,
              0,
              -0.2875925533676094,
              -0.8812346523609513,
              -0.3751213583212652,
              0,
              -0.5430739512389529,
              -0.1725712153942167,
              0.8217600762018822,
              0,
              -7.464108467102051,
              -4.490949630737305,
              -0.3369341194629669,
              1
            ]
          }
        }
      },
      "children": [
        27
      ]
    },
    {
      "rotation": [
        -0.26008449526851535,
        -0.14654681245000595,
        0.9343304455605614,
        0.1946964602271255
      ],
      "translation": [
        -7.464108467102051,
        -4.490949630737305,
        -0.3369341194629669
      ],
      "scale": [
        0.9999743103981018,
        1,
        0.9999998807907103
