{
  "asset": {
    "version": "2.0",
    "generator": "GLTFExporter"
  },
  "scenes": [
    {
      "name": "AuxScene",
      "nodes": [
        34
      ]
    }
  ],
  "scene": 0,
  "nodes": [
    {
      "name": "Object_8",
      "extras": {
        "transformData": {
          "eulerOrder": "ZYX",
          "parentMatrixWorld": {
            "elements": [
              1,
              0,
              0,
              0,
              0,
              1,
              0,
              0,
              0,
              0,
              1,
              0,
              -0.004531502723693848,
              -2.246417504735291,
              -0.004362508654594421,
              1
            ]
          }
        }
      },
      "mesh": 0,
      "skin": 0
    },
    {
      "rotation": [
        1.422700439585195e-9,
        8.386303158568866e-17,
        4.336808236448529e-18,
        1
      ],
      "translation": [
        3.4683339533714275e-11,
        0.10072776743474207,
        -1.393947474809254e-10
      ],
      "name": "mixamorigRightToe_End",
      "extras": {
        "transformData": {
          "eulerOrder": "ZYX",
          "translation": [
            3.4683339533714275e-11,
            0.10072776743474207,
            -1.393947474809254e-10
          ],
          "preRotation": [
            1.6302946139927725e-7,
            9.609995533357525e-15,
            4.969616306842934e-16
          ],
          "parentMatrixWorld": {
            "elements": [
              0.9995875781252508,
              -0.00039225911567833133,
              0.028714452849071034,
              0,
              -0.014770376086327634,
              0.8504835286262653,
              0.5257942638087503,
              0,
              -0.02462741683376064,
              -0.5260015380174314,
              0.8501269767994754,
              0,
              -4.3586217968183405e-11,
              0.2662126926298186,
              5.885072623668108e-9,
              1
            ]
          }
        }
      }
    },
    {
      "rotation": [
        0.2733939797707285,
        -0.01386518753514757,
        0.003737313472244185,
        0.9617949549476459
      ],
      "translation": [
        -4.3586217968183405e-11,
        0.2662126926298186,
        5.885072623668108e-9
      ],
      "name": "mixamorigRightToeBase",
      "extras": {
        "transformData": {
          "eulerOrder": "ZYX",
          "translation": [
            -4.3586217968183405e-11,
            0.2662126926298186,
            5.885072623668108e-9
          ],
          "preRotation": [
            30.644016343631815,
            -1.648212303971021,
            -1.454916536394502e-8
          ],
          "parentMatrixWorld": {
            "elements": [
              0.9456029624540937,
              0.3211342265763153,
              0.05203698382844846,
              0,
              -0.08751285904841256,
              0.09703604634634266,
              0.9914260106214682,
              0,
              0.31333135602091133,
              -0.942049278730608,
              0.11986094594193453,
              0,
              -4.500224637382644e-10,
              1.0837519894201424,
              -1.0738205225187258e-10,
              1
            ]
          }
        }
      },
      "children": [
        1
      ]
    },
    {
      "rotation": [
        0.6574013177211118,
        0.08884275146335024,
        0.13894417686745472,
        0.7352720618413451
      ],
      "translation": [
        -4.500224637382644e-10,
        1.0837519894201424,
        -1.0738205225187258e-10
      ],
      "name": "mixamorigRightFoot",
      "extras": {
        "transformData": {
          "eulerOrder": "ZYX",
          "translation": [
            -4.500224637382644e-10,
            1.0837519894201424,
            -1.0738205225187258e-10
          ],
          "preRotation": [
            57.184724018947556,
            0.3680213710955073,
            9.727602949810175e-9
          ],
          "parentMatrixWorld": {
            "elements": [
              0.9824250222487072,
              -0.18296977955366778,
              0.03692066080095134,
              0,
              0.12459172425884213,
              0.495515750988909,
              -0.8596167960210757,
              0,
              0.13898912788454115,
              0.8491090586758647,
              0.5096035932240597,
              0,
              -2.079816874278606e-11,
              1.021890983006218,
              5.6825058547538276e-11,
              1
            ]
          }
        }
      },
      "children": [
        2
      ]
    },
    {
      "rotation": [
        -0.49429385946917714,
        0.02952598650401905,
        -0.08897024781695764,
        0.8642257140984634
      ],
      "translation": [
        -2.079816874278606e-11,
        1.021890983006218,
        5.6825058547538276e-11
      ],
      "name": "mixamorigRightLeg",
      "extras": {
        "transformData": {
          "eulerOrder": "ZYX",
          "translation": [
            -2.079816874278606e-11,
            1.021890983006218,
            5.6825058547538276e-11
          ],
          "preRotation": [
            -0.4385686408238672,
            1.1378244273112621e-10,
            0.38315856040937474
          ],
          "parentMatrixWorld": {
            "elements": [
              -0.873475013674774,
              0.3364318374793698,
              -0.3519303695944471,
              0,
              -0.44623142609970834,
              -0.8423099596724553,
              0.3023101265139013,
              0,
              -0.19472770905459183,
              0.4211027392004063,
              0.8858631950150916,
              0,
              -0.1936664879322052,
              -0.12198066711425781,
              -0.0032843839144334197,
              1
            ]
          }
        }
      },
      "children": [
        3
      ]
    },
    {
      "rotation": [
        -0.1440240873800193,
        0.19059240474585232,
        0.9489004384499884,
        0.20620268256423832
      ],
      "translation": [
        -0.1936664879322052,
        -0.12198066711425781,
        -0.0032843839144334197
      ],
      "name": "mixamorigRightUpLeg",
      "extras": {
        "transformData": {
          "eulerOrder": "ZYX",
          "translation": [
            -0.1936664879322052,
            -0.12198066711425781,
            -0.0032843839144334197
          ],
          "preRotation": [
            0.2843608805402451,
            0.000320783185492892,
            179.9353660598318
          ],
          "parentMatrixWorld": {
            "elements": [
              0.7320331423227617,
              0.06912467105753613,
              0.6777531013077059,
              0,
              -0.005826422468345152,
              0.9954379963866381,
              -0.09523260096285247,
              0,
              -0.6812441113743638,
              0.06576454467353177,
              0.7290963539948734,
              0,
              0.0036266882078221756,
              2.0286846421902194,
              -0.012595492188367821,
              1
            ]
          }
        }
      },
      "children": [
        4
      ]
    },
    {
      "rotation": [
        2.7755575615628907e-17,
        -3.85185988877447e-34,
        -1.3877787807814454e-17,
        1
      ],
      "translation": [
        0.004166445074238023,
        0.02271524732890806,
        -0.012258574182896609
      ],
      "name": "mixamorigLeftHandIndex4",
      "extras": {
        "transformData": {
          "eulerOrder": "ZYX",
          "translation": [
            0.004166445074238023,
            0.02271524732890806,
            -0.012258574182896609
          ],
          "preRotation": [
            3.180554681463516e-15,
            0,
            -1.590277340731758e-15
          ],
          "parentMatrixWorld": {
            "elements": [
              0.5441309302143367,
              0.7791632866315394,
              -0.3111689468649983,
              0,
              -0.7055379119070766,
              0.6256419602700037,
              0.33284891554102725,
              0,
              0.4540240033184775,
              0.03842809493812016,
              0.8901603722509338,
              0,
              0.002259767437180038,
              0.05284474473876721,
              -0.028217667466652274,
              1
            ]
          }
        }
      }
    },
    {
      "rotation": [
        0.08415550738573074,
        0.21871823072433472,
        0.4243782162666321,
        0.874633252620697
      ],
      "translation": [
        0.002259767437180038,
        0.05284474473876721,
        -0.028217667466652274
      ],
      "name": "mixamorigLeftHandIndex3",
      "extras": {
        "transformData": {
          "eulerOrder": "ZYX",
          "translation": [
            0.002259767437180038,
            0.05284474473876721,
            -0.028217667466652274
          ],
          "preRotation": [
            3.180554681463516e-15,
            0,
            -1.590277340731758e-15
          ],
          "parentMatrixWorld": {
            "elements": [
              0.028920447366273194,
              0.9817891699873371,
              0.18775982018135906,
              0,
              -0.7881326961443165,
              -0.09313939584717446,
              0.6084176505717664,
              0,
              0.614825648169667,
              -0.16557539054628023,
              0.7710864023553778,
              0,
              -6.972338262301037e-10,
              0.039607331362528475,
              4.823019761346359e-10,
              1
            ]
          }
        }
      },
      "children": [
        6
      ]
    },
    {
      "rotation": [
        0.2962150573730469,
        0.163442462682724,
        0.6773672103881836,
        0.6532357335090637
      ],
      "translation": [
        -6.972338262301037e-10,
        0.039607331362528475,
        4.823019761346359e-10
      ],
      "name": "mixamorigLeftHandIndex2",
      "extras": {
        "transformData": {
          "eulerOrder": "ZYX",
          "translation": [
            -6.972338262301037e-10,
            0.039607331362528475,
            4.823019761346359e-10
          ],
          "preRotation": [
            0,
            0,
            -1.1927080545598233e-15
          ],
          "parentMatrixWorld": {
            "elements": [
              0.1465275665322987,
              0.7089025199218479,
              -0.6899180991413756,
              0,
              0.014990784118568357,
              0.6957744646908828,
              0.7181038951242265,
              0,
              0.989093040449636,
              -0.11556446274495256,
              0.09132312081170645,
              0,
              -5.948797010546514e-10,
              0.13574776059336258,
              -5.435807359788214e-10,
              1
            ]
          }
        }
      },
      "children": [
        7
      ]
    },
    {
      "rotation": [
        0.29976239800453186,
        0.6037225723266602,
        0.24951006472110748,
        0.695274293422699
      ],
      "translation": [
        -5.948797010546514e-10,
        0.13574776059336258,
        -5.435807359788214e-10
      ],
      "scale": [
        1,
        1,
        0.9999999999999999
      ],
      "name": "mixamorigLeftHandIndex1",
      "extras": {
        "transformData": {
          "eulerOrder": "ZYX",
          "translation": [
            -5.948797010546514e-10,
            0.13574776059336258,
            -5.435807359788214e-10
          ],
          "preRotation": [
            34.63961699728417,
            83.10958260289073,
            0.000013440298728955142
          ],
          "parentMatrixWorld": {
            "elements": [
              0.9853787562516672,
              0.159864238804227,
              -0.05892479278862417,
              0,
              -0.13838403592508594,
              0.9527048842642133,
              0.27056100960617296,
              0,
              0.09939096867785185,
              -0.25845082021454724,
              0.9608978130230346,
              0,
              -1.2464779208798404e-11,
              0.6426988906182645,
              -2.1056583143774787e-9,
              1
            ]
          }
        }
      },
      "children": [
        8
      ]
    },
    {
      "rotation": [
        0.1339552714196227,
        0.04008838668963807,
        0.07552180563776589,
        0.9872919225469668
      ],
      "translation": [
        -1.2464779208798404e-11,
        0.6426988906182645,
        -2.1056583143774787e-9
      ],
      "scale": [
        1,
        0.9999999999999999,
        1
      ],
      "name": "mixamorigLeftHand",
      "extras": {
        "transformData": {
          "eulerOrder": "ZYX",
          "translation": [
            -1.2464779208798404e-11,
            0.6426988906182645,
            -2.1056583143774787e-9
          ],
          "preRotation": [
            -0.3069017272802951,
            -4.44977669606172e-8,
            10.571796807852612
          ],
          "parentMatrixWorld": {
            "elements": [
              -0.2816996174938238,
              0.9580479634340278,
              -0.05281558314393529,
              0,
              -0.9580671835842897,
              -0.28386158003634726,
              -0.039114393506413124,
              0,
              -0.05246577743433269,
              0.039582367291756834,
              0.9978379520242484,
              0,
              9.584150140184988e-10,
              0.7791608971380151,
              -2.2526718268522927e-9,
              1
            ]
          }
        }
      },
      "children": [
        9
      ]
    },
    {
      "rotation": [
        -0.03287860443462931,
        0.00014614481508959352,
        0.8005309409314576,
        0.5983888470284553
      ],
      "translation": [
        9.584150140184988e-10,
        0.7791608971380151,
        -2.2526718268522927e-9
      ],
      "scale": [
        1,
        0.9999999999999999,
        1
      ],
      "name": "mixamorigLeftForeArm",
      "extras": {
        "transformData": {
          "eulerOrder": "ZYX",
          "translation": [
            9.584150140184988e-10,
            0.7791608971380151,
            -2.2526718268522927e-9
          ],
          "preRotation": [
            4.553686078857865,
            -1.59916443634058e-7,
            0.7040743477159849
          ],
          "parentMatrixWorld": {
            "elements": [
              0.6781487298731181,
              0.11369751147702456,
              0.7260765711293198,
              0,
              -0.573789334843641,
              0.6992370559807477,
              0.4264192175829972,
              0,
              -0.4592168447244398,
              -0.7057906387791888,
              0.5394251380862829,
              0,
              1.2757733758306244e-10,
              0.288255058292755,
              1.5126175867408165e-9,
              1
            ]
          }
        }
      },
      "children": [
        10
      ]
    },
    {
      "rotation": [
        0.33146890344574087,
        -0.3470097938176049,
        0.20127055934265264,
        0.8539336907568472
      ],
      "translation": [
        1.2757733758306244e-10,
        0.288255058292755,
        1.5126175867408165e-9
      ],
      "name": "mixamorigLeftArm",
      "extras": {
        "transformData": {
          "eulerOrder": "ZYX",
          "translation": [
            1.2757733758306244e-10,
            0.288255058292755,
            1.5126175867408165e-9
          ],
          "preRotation": [
            29.939465148452197,
            7.423757265706765,
            -1.6940977832271595e-7
          ],
          "parentMatrixWorld": {
            "elements": [
              -0.0939864039117939,
              0.015455553198914338,
              -0.9954535301602568,
              0,
              0.9398144270445127,
              -0.3285483712167805,
              -0.09383426847052007,
              0,
              -0.3285048668622682,
              -0.9443607113257723,
              0.016353695853909663,
              0,
              0.13168011605739594,
              0.2750413787276309,
              -0.004299468885080954,
              1
            ]
          }
        }
      },
      "children": [
        11
      ]
    },
    {
      "rotation": [
        -0.5518623631511477,
        -0.43274829197846176,
        0.5997683867507698,
        -0.38529826440723614
      ],
      "translation": [
        0.13168011605739594,
        0.2750413787276309,
        -0.004299468885080954
      ],
      "scale": [
        0.9999999999999999,
        1,
        0.9999999999999999
      ],
      "name": "mixamorigLeftShoulder",
      "extras": {
        "transformData": {
          "eulerOrder": "ZYX",
          "translation": [
            0.13168011605739594,
            0.2750413787276309,
            -0.004299468885080954
          ],
          "preRotation": [
            -67.01423650945802,
            88.11459548422255,
            179.7772658281896
          ],
          "parentMatrixWorld": {
            "elements": [
              0.9997206429266462,
              -0.013917304720858002,
              -0.019103527093244605,
              0,
              0.01466265315580244,
              0.999114067031471,
              0.03944727746712009,
              0,
              0.018537602879773418,
              -0.039716365977290856,
              0.9990390220574427,
              0,
              0,
              0.29418534347618186,
              1.2641159230497578e-9,
              1
            ]
          }
        }
      },
      "children": [
        12
      ]
    },
    {
      "rotation": [
        0,
        -3.469446951953614e-17,
        0,
        1
      ],
      "translation": [
        -0.00420816789016909,
        0.024166502900125897,
        -0.01978268837494862
      ],
      "name": "mixamorigRightHandIndex4",
      "extras": {
        "transformData": {
          "eulerOrder": "ZYX",
          "translation": [
            -0.00420816789016909,
            0.024166502900125897,
            -0.01978268837494862
          ],
          "preRotation": [
            0,
            -3.975693351829396e-15,
            0
          ],
          "parentMatrixWorld": {
            "elements": [
              0.5517348504021697,
              -0.7790929798101303,
              0.29766217430299946,
              0,
              0.6052191017307536,
              0.6195718602144424,
              0.4998405119086158,
              0,
              -0.573845345106534,
              -0.09562859015701974,
              0.8133613507908066,
              0,
              -0.0011884080679731568,
              0.06388444315921649,
              -0.03438762651216376,
              1
            ]
          }
        }
      }
    },
    {
      "rotation": [
        0.17233806848526,
        -0.25222790241241455,
        -0.4006415605545044,
        0.8638095855712891
      ],
      "translation": [
        -0.0011884080679731568,
        0.06388444315921649,
        -0.03438762651216376
      ],
      "name": "mixamorigRightHandIndex3",
      "extras": {
        "transformData": {
          "eulerOrder": "ZYX",
          "translation": [
            -0.0011884080679731568,
            0.06388444315921649,
            -0.03438762651216376
          ],
          "preRotation": [
            0,
            -3.975693351829396e-15,
            0
          ],
          "parentMatrixWorld": {
            "elements": [
              0.05553470509976499,
              -0.9794893394673387,
              -0.1936920787358396,
              0,
              0.7754979671370386,
              -0.0798761541843902,
              0.6262769411105218,
              0,
              -0.6289029261034607,
              -0.18498793979680883,
              0.7551560072264945,
              0,
              1.3249499275502785e-9,
              0.04711492267269435,
              2.9429392256474785e-10,
              1
            ]
          }
        }
      },
      "children": [
        14
      ]
    },
    {
      "rotation": [
        0.30832403898239136,
        -0.16540339589118958,
        -0.6669890284538269,
        0.657802164554596
      ],
      "translation": [
        1.3249499275502785e-9,
        0.04711492267269435,
        2.9429392256474785e-10
      ],
      "name": "mixamorigRightHandIndex2",
      "extras": {
        "transformData": {
          "eulerOrder": "ZYX",
          "translation": [
            1.3249499275502785e-9,
            0.04711492267269435,
            2.9429392256474785e-10
          ],
          "preRotation": [
            0,
            7.951386717641258e-16,
            -1.5902773435282516e-15
          ],
          "parentMatrixWorld": {
            "elements": [
              0.1787603012245853,
              -0.6981656273580974,
              0.6932600463929539,
              0,
              0.00424795526873467,
              0.7051505414508251,
              0.7090448940272366,
              0,
              -0.9838834738042512,
              -0.12380413420292055,
              0.12901870247211453,
              0,
              -7.915808841740812e-10,
              0.11504177266736626,
              7.138982738297273e-10,
              1
            ]
          }
        }
      },
      "children": [
        15
      ]
    },
    {
      "rotation": [
        0.2935093939304352,
        -0.5910523533821106,
        -0.24754184484481812,
        0.7093887329101562
      ],
      "translation": [
        -7.915808841740812e-10,
        0.11504177266736626,
        7.138982738297273e-10
      ],
      "scale": [
        1,
        0.9999999999999999,
        0.9999999999999998
      ],
      "name": "mixamorigRightHandIndex1",
      "extras": {
        "transformData": {
          "eulerOrder": "ZYX",
          "translation": [
            -7.915808841740812e-10,
            0.11504177266736626,
            7.138982738297273e-10
          ],
          "preRotation": [
            44.7989602018224,
            -80.71608433328323,
            0.00001102846162463142
          ],
          "parentMatrixWorld": {
            "elements": [
              0.9321687087202785,
              -0.326876008504694,
              -0.1556071118872418,
              0,
              0.34366939838104393,
              0.9341189598668403,
              0.09650447225256573,
              0,
              0.11381055672590606,
              -0.1434358519073043,
              0.983093746036636,
              0,
              -1.409016764375437e-9,
              0.6426446951941391,
              -2.2136528610161577e-8,
              1
            ]
          }
        }
      },
      "children": [
        16
      ]
    },
    {
      "rotation": [
        0.06114736874306625,
        0.0686594951735115,
        -0.17088452054641845,
        0.9809920242360299
      ],
      "translation": [
        -1.409016764375437e-9,
        0.6426446951941391,
        -2.2136528610161577e-8
      ],
      "name": "mixamorigRightHand",
      "extras": {
        "transformData": {
          "eulerOrder": "ZYX",
          "translation": [
            -1.409016764375437e-9,
            0.6426446951941391,
            -2.2136528610161577e-8
          ],
          "preRotation": [
            -2.3053097037890256,
            -1.4031287101493423e-7,
            -15.351330888831493
          ],
          "parentMatrixWorld": {
            "elements": [
              -0.24314853447675677,
              -0.9679526722796588,
              0.06282014069711925,
              0,
              0.9679975268838429,
              -0.24628784760737063,
              -0.04819792137090349,
              0,
              0.06212514625578074,
              0.04909048690305999,
              0.9968603664437449,
              0,
              -2.483742655989829e-10,
              0.7792307635225624,
              -3.690654892807288e-9,
              1
            ]
          }
        }
      },
      "children": [
        17
      ]
    },
    {
      "rotation": [
        -0.03961990246981026,
        -0.00028303075845738276,
        -0.78839976352861,
        0.6138859651919621
      ],
      "translation": [
        -2.483742655989829e-10,
        0.7792307635225624,
        -3.690654892807288e-9
      ],
      "scale": [
        1,
        0.9999999999999999,
        0.9999999999999999
      ],
      "name": "mixamorigRightForeArm",
      "extras": {
        "transformData": {
          "eulerOrder": "ZYX",
          "translation": [
            -2.483742655989829e-10,
            0.7792307635225624,
            -3.690654892807288e-9
          ],
          "preRotation": [
            4.51765592264056,
            -5.937783528015543e-9,
            -1.3394659009157601
          ],
          "parentMatrixWorld": {
            "elements": [
              0.601704324432931,
              -0.6439595542594967,
              -0.4725124273337846,
              0,
              0.7369889525449556,
              0.21957674703684482,
              0.6392443408154719,
              0,
              -0.30789476340731115,
              -0.7328725236463897,
              0.6067113600013899,
              0,
              -1.1866013727157565e-10,
              0.2882550582927548,
              1.5133432285097115e-9,
              1
            ]
          }
        }
      },
      "children": [
        18
      ]
    },
    {
      "rotation": [
        0.4402886034735331,
        0.05282296518211549,
        -0.443122524966745,
        0.7791008293406481
      ],
      "translation": [
        -1.1866013727157565e-10,
        0.2882550582927548,
        1.5133432285097115e-9
      ],
      "name": "mixamorigRightArm",
      "extras": {
        "transformData": {
          "eulerOrder": "ZYX",
          "translation": [
            -1.1866013727157565e-10,
            0.2882550582927548,
            1.5133432285097115e-9
          ],
          "preRotation": [
            29.9530831667102,
            -7.929932398708153,
            -2.397908941368566e-7
          ],
          "parentMatrixWorld": {
            "elements": [
              0.19546368387492927,
              -0.039025623949754555,
              0.9799341524655341,
              0,
              -0.9706854251594054,
              -0.15020714540125366,
              0.18763691153793152,
              0,
              0.1398704682058246,
              -0.9878840042554196,
              -0.06724164316503534,
              0,
              -0.13168011605739594,
              0.2750246373200529,
              -0.004075891934610609,
              1
            ]
          }
        }
      },
      "children": [
        19
      ]
    },
    {
      "rotation": [
        -0.5943299740971378,
        0.42472662204318334,
        -0.4710365745781555,
        -0.49447317442600613
      ],
      "translation": [
        -0.13168011605739594,
        0.2750246373200529,
        -0.004075891934610609
      ],
      "scale": [
        0.9999999999999999,
        0.9999999999999999,
        1
      ],
      "name": "mixamorigRightShoulder",
      "extras": {
        "transformData": {
          "eulerOrder": "ZYX",
          "translation": [
            -0.13168011605739594,
            0.2750246373200529,
            -0.004075891934610609
          ],
          "preRotation": [
            -67.02571594220066,
            -88.21134218243334,
            -179.75855157002243
          ],
          "parentMatrixWorld": {
            "elements": [
              0.9997206429266462,
              -0.013917304720858002,
              -0.019103527093244605,
              0,
              0.01466265315580244,
              0.999114067031471,
              0.03944727746712009,
              0,
              0.018537602879773418,
              -0.039716365977290856,
              0.9990390220574427,
              0,
              0,
              0.29418534347618186,
              1.2641159230497578e-9,
              1
            ]
          }
        }
      },
      "children": [
        20
      ]
    },
    {
      "translation": [
        0,
        0.8684313297271729,
        0.18030010536313057
      ],
      "name": "mixamorigHeadTop_End",
      "extras": {
        "transformData": {
          "eulerOrder": "ZYX",
          "translation": [
            0,
            0.8684313297271729,
            0.18030010536313057
          ],
          "parentMatrixWorld": {
            "elements": [
              0.9367501559621377,
              -0.03184304165878653,
              -0.34854721766773394,
              0,
              0.07629399054055896,
              0.990482703262694,
              0.11455671558029479,
              0,
              0.34158215593528746,
              -0.1339030797818491,
              0.9302642595515294,
              0,
              0,
              0.18189692497253418,
              0.037764694541692734,
              1
            ]
          }
        }
      }
    },
    {
      "rotation": [
        0.06325186390122103,
        0.17569027274512594,
        -0.027529077021839574,
        0.9820255880133342
      ],
      "translation": [
        0,
        0.18189692497253418,
        0.037764694541692734
      ],
      "name": "mixamorigHead",
      "extras": {
        "transformData": {
          "eulerOrder": "ZYX",
          "translation": [
            0,
            0.18189692497253418,
            0.037764694541692734
          ],
          "parentMatrixWorld": {
            "elements": [
              0.9721258472305297,
              0.09920989828661132,
              -0.21243524426118487,
              0,
              -0.07829158531826345,
              0.9914139407097321,
              0.10473216204090194,
              0,
              0.2210017298364475,
              -0.08518094962706685,
              0.9715464173168966,
              0,
              0,
              0.33095868847189225,
              2.5918980350869703e-8,
              1
            ]
          }
        }
      },
      "children": [
        22
      ]
    },
    {
      "rotation": [
        0.04786828073970541,
        0.10924934343315947,
        0.0447398853838349,
        0.9918525834501152
      ],
      "translation": [
        0,
        0.33095868847189225,
        2.5918980350869703e-8
      ],
      "name": "mixamorigNeck",
      "extras": {
        "transformData": {
          "eulerOrder": "ZYX",
          "translation": [
            0,
            0.33095868847189225,
            2.5918980350869703e-8
          ],
          "preRotation": [
            4.282307447323443,
            0,
            0
          ],
          "parentMatrixWorld": {
            "elements": [
              0.9997206429266462,
              -0.013917304720858002,
              -0.019103527093244605,
              0,
              0.01466265315580244,
              0.999114067031471,
              0.03944727746712009,
              0,
              0.018537602879773418,
              -0.039716365977290856,
              0.9990390220574427,
              0,
              0,
              0.29418534347618186,
              1.2641159230497578e-9,
              1
            ]
          }
        }
      },
      "children": [
        23
      ]
    },
    {
      "rotation": [
        0.019796172848132006,
        0.009412784489487463,
        -0.007146889171618165,
        0.9997341917011112
      ],
      "translation": [
        0,
        0.29418534347618186,
        1.2641159230497578e-9
      ],
      "name": "mixamorigSpine2",
      "extras": {
        "transformData": {
          "eulerOrder": "ZYX",
          "translation": [
            0,
            0.29418534347618186,
            1.2641159230497578e-9
          ],
          "preRotation": [
            -7.951386693591469e-16,
            0,
            0
          ],
          "parentMatrixWorld": {
            "elements": [
              0.9997100653850393,
              -0.014398978117336599,
              -0.019299082753233155,
              0,
              0.01514571715179807,
              0.999119639848378,
              0.03912227646026237,
              0,
              0.018718771805260336,
              -0.03940323200769108,
              0.9990480433308547,
              0,
              0,
              0.2574122199826845,
              3.6583935880685203e-10,
              1
            ]
          }
        }
      },
      "children": [
        13,
        21,
        24
      ]
    },
    {
      "rotation": [
        0.01963658706220601,
        0.009506986016662462,
        -0.00738813402418748,
        0.9997346817346037
      ],
      "translation": [
        0,
        0.2574122199826845,
        3.6583935880685203e-10
      ],
      "name": "mixamorigSpine1",
      "extras": {
        "transformData": {
          "eulerOrder": "ZYX",
          "translation": [
            0,
            0.2574122199826845,
            3.6583935880685203e-10
          ],
          "preRotation": [
            -0.000002809178030052688,
            0,
            0
          ],
          "parentMatrixWorld": {
            "elements": [
              0.9906927464410844,
              -0.019290565701385372,
              -0.1347432990820813,
              0,
              0.03086189806885969,
              0.9959603906169722,
              0.08432344723457229,
              0,
              0.13257234183716446,
              -0.08769706141516327,
              0.9872860781848273,
              0,
              0,
              0.22002315521240234,
              -0.016475286683999002,
              1
            ]
          }
        }
      },
      "children": [
        25
      ]
    },
    {
      "rotation": [
        0.043145908378677295,
        0.06704768077842158,
        -0.01257916061161032,
        0.9967370899922232
      ],
      "translation": [
        0,
        0.22002315521240234,
        -0.016475286683999002
      ],
      "name": "mixamorigSpine",
      "extras": {
        "transformData": {
          "eulerOrder": "ZYX",
          "translation": [
            0,
            0.22002315521240234,
            -0.016475286683999002
          ],
          "preRotation": [
            -4.282304638145412,
            0,
            0
          ],
          "parentMatrixWorld": {
            "elements": [
              0.7320331423227617,
              0.06912467105753613,
              0.6777531013077059,
              0,
              -0.005826422468345152,
              0.9954379963866381,
              -0.09523260096285247,
              0,
              -0.6812441113743638,
              0.06576454467353177,
              0.7290963539948734,
              0,
              0.0036266882078221756,
              2.0286846421902194,
              -0.012595492188367821,
              1
            ]
          }
        }
      },
      "children": [
        26
      ]
    },
    {
      "rotation": [
        -8.715678175834821e-10,
        8.280594424197604e-17,
        1.7347236176974217e-18,
        1
      ],
      "translation": [
        -4.7559733928892456e-12,
        0.10131326243267905,
        -9.18906548075249e-11
      ],
      "name": "mixamorigLeftToe_End",
      "extras": {
        "transformData": {
          "eulerOrder": "ZYX",
          "translation": [
            -4.7559733928892456e-12,
            0.10131326243267905,
            -9.18906548075249e-11
          ],
          "preRotation": [
            -9.98743150139231e-8,
            9.48886224749495e-15,
            1.9878467556126903e-16
          ],
          "parentMatrixWorld": {
            "elements": [
              0.9995916736209209,
              0.0005665388888023416,
              -0.028568602720704814,
              0,
              0.014869175423944812,
              0.8434597234329213,
              0.5369865944031303,
              0,
              0.024400689538165588,
              -0.5371921201768949,
              0.8431068926120309,
              0,
              -1.9777679494126232e-11,
              0.2644958769634851,
              -2.3891982975365877e-9,
              1
            ]
          }
        }
      }
    },
    {
      "rotation": [
        0.27974321152441256,
        0.01379453877417872,
        -0.003724767046023119,
        0.9599685267843255
      ],
      "translation": [
        -1.9777679494126232e-11,
        0.2644958769634851,
        -2.3891982975365877e-9
      ],
      "scale": [
        0.9999999999999999,
        1,
        1
      ],
      "name": "mixamorigLeftToeBase",
      "extras": {
        "transformData": {
          "eulerOrder": "ZYX",
          "translation": [
            -1.9777679494126232e-11,
            0.2644958769634851,
            -2.3891982975365877e-9
          ],
          "preRotation": [
            30.898998948928973,
            1.6412630691832542,
            -4.179606765984483e-8
          ],
          "parentMatrixWorld": {
            "elements": [
              0.9632865093259013,
              -0.15426393472890598,
              -0.2197310594918631,
              0,
              0.24144952468020375,
              0.13990875209865583,
              0.9602747769945699,
              0,
              -0.11739347126294775,
              -0.9780736980116698,
              0.17201916798048722,
              0,
              2.694529599445161e-10,
              1.0837707231305893,
              3.930376163419069e-10,
              1
            ]
          }
        }
      },
      "children": [
        28
      ]
    },
    {
      "rotation": [
        0.6425259896001791,
        0.033922981856948003,
        -0.13117155422949947,
        0.7541906889293319
      ],
      "translation": [
        2.694529599445161e-10,
        1.0837707231305893,
        3.930376163419069e-10
      ],
      "name": "mixamorigLeftFoot",
      "extras": {
        "transformData": {
          "eulerOrder": "ZYX",
          "translation": [
            2.694529599445161e-10,
            1.0837707231305893,
            3.930376163419069e-10
          ],
          "preRotation": [
            56.41900157288984,
            -0.37212021008744023,
            -7.506391833277366e-9
          ],
          "parentMatrixWorld": {
            "elements": [
              0.9909197524852271,
              -0.06463849887857116,
              -0.11789787354110909,
              0,
              -0.06802117232320119,
              0.5153673180170331,
              -0.8542655600014201,
              0,
              0.11597915432769704,
              0.8545281688461109,
              0.5062908687374839,
              0,
              7.303449511830706e-11,
              1.021878374742411,
              3.5592057187790183e-12,
              1
            ]
          }
        }
      },
      "children": [
        29
      ]
    },
    {
      "rotation": [
        -0.4922554128018072,
        0.06737339384787225,
        0.0009744530804095871,
        0.8678389736343686
      ],
      "translation": [
        7.303449511830706e-11,
        1.021878374742411,
        3.5592057187790183e-12
      ],
      "name": "mixamorigLeftLeg",
      "extras": {
        "transformData": {
          "eulerOrder": "ZYX",
          "translation": [
            7.303449511830706e-11,
            1.021878374742411,
            3.5592057187790183e-12
          ],
          "preRotation": [
            0.3588807925671734,
            2.6907525821593087e-12,
            -0.38315079614073
          ],
          "parentMatrixWorld": {
            "elements": [
