{
  "asset": {
    "version": "2.0",
    "generator": "GLTFExporter"
  },
  "scenes": [
    {
      "name": "AuxScene",
      "nodes": [
        26
      ]
    }
  ],
  "scene": 0,
  "nodes": [
    {
      "rotation": [
        -0.7071068809345475,
        -1.2579225936112653e-8,
        1.2368495636957683e-8,
        0.7071066814385332
      ],
      "translation": [
        0.00029355284641496837,
        0.00001145526948675979,
        0.000008940693078329787
      ],
      "scale": [
        99.99999999999999,
        100.00001525878906,
        100.00000000000001
      ],
      "name": "Simpleskin003",
      "extras": {
        "transformData": {
          "inheritType": 1,
          "eulerOrder": "ZYX",
          "translation": [
            0.00029355284641496837,
            0.00001145526948675979,
            0.000008940693078329787
          ],
          "rotation": [
            -90.0000161648565,
            -1.707486823797584e-8,
            0.0000020214756728948724
          ],
          "scale": [
            100,
            100.00001525878906,
            100
          ],
          "parentMatrixWorld": {
            "elements": [
              1,
              0,
              0,
              0,
              0,
              1,
              0,
              0,
              0,
              0,
              1,
              0,
              -0.00030904570121492725,
              352.04547665712835,
              10308.942058654931,
              1
            ]
          }
        }
      },
      "mesh": 0,
      "skin": 0
    },
    {
      "translation": [
        0,
        473.5383644104029,
        -9079.6787109375
      ],
      "name": "mixamorigHeadTop_End",
      "extras": {
        "transformData": {
          "eulerOrder": "ZYX",
          "translation": [
            0,
            473.5383644104029,
            -9079.6787109375
          ],
          "parentMatrixWorld": {
            "elements": [
              0.9999043503456447,
              -0.013167379290407693,
              0.0042320529831115054,
              0,
              0.01365086474443152,
              0.988754393042659,
              -0.14892415167444673,
              0,
              -0.002223520082786967,
              0.14896767831595858,
              0.98883956514993,
              0,
              0,
              37.816850662231644,
              -725.1044921875,
              1
            ]
          }
        }
      }
    },
    {
      "rotation": [
        -0.07468331833993423,
        -0.00161845196749011,
        -0.006723499119248921,
        0.9971832954532709
      ],
      "translation": [
        0,
        37.816850662231644,
        -725.1044921875
      ],
      "name": "mixamorigHead",
      "extras": {
        "transformData": {
          "eulerOrder": "ZYX",
          "translation": [
            0,
            37.816850662231644,
            -725.1044921875
          ],
          "parentMatrixWorld": {
            "elements": [
              0.9999727337205159,
              0.00574628215451719,
              0.004638109196526151,
              0,
              -0.004158973635127598,
              -0.08075819354223189,
              0.9967250458948533,
              0,
              0.006102028664348987,
              -0.9967171586850483,
              -0.08073209293077553,
              0,
              0,
              1418.7453753521731,
              -0.000028819596906259903,
              1
            ]
          }
        }
      },
      "children": [
        1
      ]
    },
    {
      "rotation": [
        0.7350957454974018,
        0.0005398305353799663,
        0.0036526323022070535,
        0.6779532519369437
      ],
      "translation": [
        0,
        1418.7453753521731,
        -0.000028819596906259903
      ],
      "scale": [
        1,
        0.9999999999999999,
        0.9999999999999999
      ],
      "name": "mixamorigNeck",
      "extras": {
        "transformData": {
          "eulerOrder": "ZYX",
          "translation": [
            0,
            1418.7453753521731,
            -0.000028819596906259903
          ],
          "preRotation": [
            88.77273436645793,
            0,
            0
          ],
          "parentMatrixWorld": {
            "elements": [
              0.99955064766199,
              0.02828743341265683,
              -0.00991583706003082,
              0,
              -0.028067868883511215,
              0.9993721114192751,
              0.021623542519452973,
              0,
              0.010521285568531897,
              -0.02133550950122996,
              0.9997170092361548,
              0,
              0,
              1261.1067037392731,
              0,
              1
            ]
          }
        }
      },
      "children": [
        2
      ]
    },
    {
      "rotation": [
        -3.2526065174565133e-19,
        -4.396532543067671e-36,
        1.3516951772284125e-17,
        1
      ],
      "translation": [
        0,
        2220.922597477692,
        -1.8189894035458565e-12
      ],
      "name": "mixamorigLeftHand",
      "extras": {
        "transformData": {
          "eulerOrder": "ZYX",
          "translation": [
            0,
            2220.922597477692,
            -1.8189894035458565e-12
          ],
          "preRotation": [
            -3.727212517340059e-17,
            0,
            1.5489285768675171e-15
          ],
          "parentMatrixWorld": {
            "elements": [
              0.9996597613838465,
              0.0260797406509952,
              -0.0004567201701641012,
              0,
              -0.02608000862390434,
              0.9996596840549717,
              -0.0005909492668937207,
              0,
              0.0004411529372919791,
              0.0006026594691827308,
              0.9999997210927845,
              0,
              0,
              2152.7282123759383,
              1.8189894035458565e-12,
              1
            ]
          }
        }
      }
    },
    {
      "rotation": [
        -0.00029842758346861737,
        0.00022448738319423114,
        0.013041047254399644,
        0.999914889068868
      ],
      "translation": [
        0,
        2152.7282123759383,
        1.8189894035458565e-12
      ],
      "scale": [
        0.9999999999999999,
        0.9999999999999999,
        1
      ],
      "name": "mixamorigLeftForeArm",
      "extras": {
        "transformData": {
          "eulerOrder": "ZYX",
          "translation": [
            0,
            2152.7282123759383,
            1.8189894035458565e-12
          ],
          "preRotation": [
            -6.940737553250665,
            1.9878466759146975e-16,
            -0.4240675531984923
          ],
          "parentMatrixWorld": {
            "elements": [
              0.9346396594915728,
              0.3366491032076139,
              -0.11452548262072663,
              0,
              -0.08232322346951326,
              0.5181635357478726,
              0.8513104146077407,
              0,
              0.34593582025802067,
              -0.786240368113673,
              0.5120102308929655,
              0,
              0,
              2418.5920981482004,
              0,
              1
            ]
          }
        }
      },
      "children": [
        4
      ]
    },
    {
      "rotation": [
        0.47551705880302936,
        0.1337101766539613,
        0.12166247948065192,
        0.8609316702766949
      ],
      "translation": [
        0,
        2418.5920981482004,
        0
      ],
      "name": "mixamorigLeftArm",
      "extras": {
        "transformData": {
          "eulerOrder": "ZYX",
          "translation": [
            0,
            2418.5920981482004,
            0
          ],
          "preRotation": [
            -5.979122233800837,
            0,
            -0.2537915091984478
          ],
          "parentMatrixWorld": {
            "elements": [
              0.3121765370691894,
              0.015623475430916798,
              -0.9498956476623908,
              0,
              0.8643616709061646,
              -0.4195931921223195,
              0.2771651241244011,
              0,
              -0.394239440316157,
              -0.9075778265129943,
              -0.1444915003331868,
              0,
              1156.6366786956787,
              1154.4560714261115,
              8.655484109300119,
              1
            ]
          }
        }
      },
      "children": [
        5
      ]
    },
    {
      "rotation": [
        0.6848834261253326,
        0.32121712716699813,
        -0.49064374925192494,
        0.4324615348556374
      ],
      "translation": [
        1156.6366786956787,
        1154.4560714261115,
        8.655484109300119
      ],
      "scale": [
        0.9999999999999999,
        1,
        1
      ],
      "name": "mixamorigLeftShoulder",
      "extras": {
        "transformData": {
          "eulerOrder": "ZYX",
          "translation": [
            1156.6366786956787,
            1154.4560714261115,
            8.655484109300119
          ],
          "preRotation": [
            103.16631357604965,
            89.57338601794436,
            0.2887949146707716
          ],
          "parentMatrixWorld": {
            "elements": [
              0.99955064766199,
              0.02828743341265683,
              -0.00991583706003082,
              0,
              -0.028067868883511215,
              0.9993721114192751,
              0.021623542519452973,
              0,
              0.010521285568531897,
              -0.02133550950122996,
              0.9997170092361548,
              0,
              0,
              1261.1067037392731,
              0,
              1
            ]
          }
        }
      },
      "children": [
        6
      ]
    },
    {
      "rotation": [
        1.1384122811097797e-18,
        6.657724496568961e-35,
        5.84825428102259e-17,
        1
      ],
      "translation": [
        0,
        2220.9077711827067,
        0
      ],
      "name": "mixamorigRightHand",
      "extras": {
        "transformData": {
          "eulerOrder": "ZYX",
          "translation": [
            0,
            2220.9077711827067,
            0
          ],
          "preRotation": [
            1.3045243810690206e-16,
            0,
            6.701605756438202e-15
          ],
          "parentMatrixWorld": {
            "elements": [
              0.9931267464965198,
              -0.11703915931689432,
              0.0010489723073415951,
              0,
              0.11704134642849714,
              0.9931242692962737,
              -0.0023470671338989176,
              0,
              -0.0007670610871739752,
              0.0024537082795518927,
              0.9999966954609668,
              0,
              0,
              2152.847618993131,
              -1.8189894035458565e-12,
              1
            ]
          }
        }
      }
    },
    {
      "rotation": [
        -0.0012022623756040337,
        -0.0004547908275294949,
        -0.05862098529573957,
        0.9982794751933479
      ],
      "translation": [
        0,
        2152.847618993131,
        -1.8189894035458565e-12
      ],
      "name": "mixamorigRightForeArm",
      "extras": {
        "transformData": {
          "eulerOrder": "ZYX",
          "translation": [
            0,
            2152.847618993131,
            -1.8189894035458565e-12
          ],
          "preRotation": [
            -6.932481059663623,
            0,
            0.8621401437926676
          ],
          "parentMatrixWorld": {
            "elements": [
              0.8598838483031739,
              -0.41670071438585843,
              0.2948902815884821,
              0,
              0.04748098387878588,
              0.6404418915280286,
              0.7665374940492814,
              0,
              -0.5082768140638736,
              -0.6451315278637101,
              0.5704909991757797,
              0,
              0,
              2418.591976572372,
              1.8189894035458565e-12,
              1
            ]
          }
        }
      },
      "children": [
        8
      ]
    },
    {
      "rotation": [
        0.4027874618205505,
        -0.2291653573563612,
        -0.13244362889978642,
        0.8761872921344291
      ],
      "translation": [
        0,
        2418.591976572372,
        1.8189894035458565e-12
      ],
      "name": "mixamorigRightArm",
      "extras": {
        "transformData": {
          "eulerOrder": "ZYX",
          "translation": [
            0,
            2418.591976572372,
            1.8189894035458565e-12
          ],
          "preRotation": [
            -5.997604746437335,
            1.9878466759146985e-16,
            -0.6197306481832806
          ],
          "parentMatrixWorld": {
            "elements": [
              0.28150585263674743,
              -0.017173494115510002,
              0.9594058192606101,
              0,
              -0.8545954225810228,
              -0.4591777741435288,
              0.242533369737357,
              0,
              0.4363726831904363,
              -0.8881783845784915,
              -0.14393762028295495,
              0,
              -1156.6367588043213,
              1154.3278651655946,
              2.6709979648394437,
              1
            ]
          }
        }
      },
      "children": [
        9
      ]
    },
    {
      "rotation": [
        0.686407540580527,
        -0.3175114145596496,
        0.5083636250814535,
        0.411822309440086
      ],
      "translation": [
        -1156.6367588043213,
        1154.3278651655946,
        2.6709979648394437
      ],
      "scale": [
        1,
        1,
        0.9999999999999999
      ],
      "name": "mixamorigRightShoulder",
      "extras": {
        "transformData": {
          "eulerOrder": "ZYX",
          "translation": [
            -1156.6367588043213,
            1154.3278651655946,
            2.6709979648394437
          ],
          "preRotation": [
            101.86182377638022,
            -89.86526866411313,
            1.0219344482875337
          ],
          "parentMatrixWorld": {
            "elements": [
              0.99955064766199,
              0.02828743341265683,
              -0.00991583706003082,
              0,
              -0.028067868883511215,
              0.9993721114192751,
              0.021623542519452973,
              0,
              0.010521285568531897,
              -0.02133550950122996,
              0.9997170092361548,
              0,
              0,
              1261.1067037392731,
              0,
              1
            ]
          }
        }
      },
      "children": [
        10
      ]
    },
    {
      "rotation": [
        0.010741589809708645,
        0.005110149731913133,
        0.014091222045033049,
        0.9998299316423105
      ],
      "translation": [
        0,
        1261.1067037392731,
        0
      ],
      "name": "mixamorigSpine2",
      "extras": {
        "transformData": {
          "eulerOrder": "ZYX",
          "translation": [
            0,
            1261.1067037392731,
            0
          ],
          "preRotation": [
            2.9817700138720476e-15,
            0,
            0
          ],
          "parentMatrixWorld": {
            "elements": [
              0.9995550127120573,
              0.028270224442479536,
              -0.009516876495548754,
              0,
              -0.028054738204968774,
              0.9993629016044991,
              0.022061788510796133,
              0,
              0.010134505045159397,
              -0.021784977806191666,
              0.9997113115932293,
              0,
              0,
              1103.4689762729267,
              0,
              1
            ]
          }
        }
      },
      "children": [
        3,
        7,
        11
      ]
    },
    {
      "rotation": [
        0.010963570521604115,
        0.004913687495468289,
        0.014083654325787003,
        0.9998286194854622
      ],
      "translation": [
        0,
        1103.4689762729267,
        0
      ],
      "name": "mixamorigSpine1",
      "extras": {
        "transformData": {
          "eulerOrder": "ZYX",
          "translation": [
            0,
            1103.4689762729267,
            0
          ],
          "preRotation": [
            0.0000014708795201536249,
            0,
            0
          ],
          "parentMatrixWorld": {
            "elements": [
              0.9986104390945079,
              -0.03302011798469518,
              -0.04107143459572579,
              0,
              -0.038053177773537526,
              0.08734937431891943,
              -0.9954506730458466,
              0,
              0.036457462786235156,
              0.9956303323093216,
              0.08597147662347193,
              0,
              0,
              20.257949829101833,
              -945.61328125,
              1
            ]
          }
        }
      },
      "children": [
        12
      ]
    },
    {
      "rotation": [
        -0.6755163928714307,
        0.02630332013710284,
        0.0017075721100852693,
        0.7368736815148339
      ],
      "translation": [
        0,
        20.257949829101833,
        -945.61328125
      ],
      "name": "mixamorigSpine",
      "extras": {
        "transformData": {
          "eulerOrder": "ZYX",
          "translation": [
            0,
            20.257949829101833,
            -945.61328125
          ],
          "preRotation": [
            -88.77273583733745,
            0,
            0
          ],
          "parentMatrixWorld": {
            "elements": [
              0.9952217928410201,
              -0.0413938154186434,
              0.08843152509584436,
              0,
              -0.08517116312222436,
              0.0748228844655372,
              0.993552876397226,
              0,
              -0.04774364416440284,
              -0.9963372909160236,
              0.07093980586195014,
              0,
              134.99593123063602,
              5824.403539537894,
              -32.21374830636718,
              1
            ]
          }
        }
      },
      "children": [
        13
      ]
    },
    {
      "rotation": [
        -5.941427905220562e-17,
        1.1693714946224409e-33,
        -1.9681657562400913e-17,
        1
      ],
      "translation": [
        0,
        476.41526192056006,
        5.684341886080802e-14
      ],
      "name": "mixamorigLeftToe_End",
      "extras": {
        "transformData": {
          "eulerOrder": "ZYX",
          "translation": [
            0,
            476.41526192056006,
            5.684341886080802e-14
          ],
          "preRotation": [
            -6.808374865007838e-15,
            0,
            -2.255351824294624e-15
          ],
          "parentMatrixWorld": {
            "elements": [
              0.9999667169646449,
              -0.008001641233088589,
              -0.0015933298500642847,
              0,
              0.008073116679447554,
              0.9986390703207468,
              0.05152506181372003,
              0,
              0.0011788763778255319,
              -0.0515362100411408,
              0.9986704307650649,
              0,
              0,
              572.7643555182239,
              0,
              1
            ]
          }
        }
      }
    },
    {
      "rotation": [
        0.025774094934803742,
        0.0006932876454029162,
        -0.004020058447126114,
        0.9996594654007935
      ],
      "translation": [
        0,
        572.7643555182239,
        0
      ],
      "name": "mixamorigLeftToeBase",
      "extras": {
        "transformData": {
          "eulerOrder": "ZYX",
          "translation": [
            0,
            572.7643555182239,
            0
          ],
          "preRotation": [
            -1.9663802002840767,
            -4.969616689786746e-17,
            -0.48925835221959885
          ],
          "parentMatrixWorld": {
            "elements": [
              0.9906066079307186,
              -0.1364182330340839,
              -0.009413473099834563,
              0,
              -0.022433449884476826,
              -0.23003746774983114,
              0.9729231380306619,
              0,
              -0.1348899110616639,
              -0.9635729125940643,
              -0.2309369669727539,
              0,
              -2.2737367544323206e-13,
              2529.4178870958335,
              -7.105427357601002e-15,
              1
            ]
          }
        }
      },
      "children": [
        15
      ]
    },
    {
      "rotation": [
        0.7828762741732093,
        -0.050726943758234014,
        -0.04608115896534748,
        0.618391473374847
      ],
      "translation": [
        -2.2737367544323206e-13,
        2529.4178870958335,
        -7.105427357601002e-15
      ],
      "name": "mixamorigLeftFoot",
      "extras": {
        "transformData": {
          "eulerOrder": "ZYX",
          "translation": [
            -2.2737367544323206e-13,
            2529.4178870958335,
            -7.105427357601002e-15
          ],
          "preRotation": [
            90.74647685855346,
            0.5804508238815397,
            4.9698717231912187e-17
          ],
          "parentMatrixWorld": {
            "elements": [
              0.998925433587868,
              0.04475464505059961,
              -0.012041590779017432,
              0,
              -0.0451476391083789,
              0.8809644048673848,
              -0.47102379074945044,
              0,
              -0.010472289388383686,
              0.4710612937988403,
              0.8820383166400033,
              0,
              0,
              2590.658713461823,
              -3.552713678800501e-15,
              1
            ]
          }
        }
      },
      "children": [
        16
      ]
    },
    {
      "rotation": [
        -0.2428593791067579,
        0.00040454898141543304,
        0.023175839708360926,
        0.9697845395278745
      ],
      "translation": [
        0,
        2590.658713461823,
        -3.552713678800501e-15
      ],
      "name": "mixamorigLeftLeg",
      "extras": {
        "transformData": {
          "eulerOrder": "ZYX",
          "translation": [
            0,
            2590.658713461823,
            -3.552713678800501e-15
          ],
          "preRotation": [
            0.6794471294148516,
            0,
            -2.002195854252728
          ],
          "parentMatrixWorld": {
            "elements": [
              -0.9456188263737849,
              0.2852681049679627,
              0.1562913291266625,
              0,
              0.21081813077649056,
              0.17158186477349813,
              0.9623488502696602,
              0,
              0.2477106921553809,
              0.9429643164868,
              -0.2223906648838041,
              0,
              1735.6972255706787,
              92.30899238586412,
              525.7529296875,
              1
            ]
          }
        }
      },
      "children": [
        17
      ]
    },
    {
      "rotation": [
        0.162165019144482,
        0.7647861393930802,
        0.6228254765013396,
        0.02988396308452552
      ],
      "translation": [
        1735.6972255706787,
        92.30899238586412,
        525.7529296875
      ],
      "scale": [
        0.9999999999999999,
        1,
        1
      ],
      "name": "mixamorigLeftUpLeg",
      "extras": {
        "transformData": {
          "eulerOrder": "ZYX",
          "translation": [
            1735.6972255706787,
            92.30899238586412,
            525.7529296875
          ],
          "preRotation": [
            90.38359067339525,
            -2.32244700255113,
            179.9844554281733
          ],
          "parentMatrixWorld": {
            "elements": [
              0.9952217928410201,
              -0.0413938154186434,
              0.08843152509584436,
              0,
              -0.08517116312222436,
              0.0748228844655372,
              0.993552876397226,
              0,
              -0.04774364416440284,
              -0.9963372909160236,
              0.07093980586195014,
              0,
              134.99593123063602,
              5824.403539537894,
              -32.21374830636718,
              1
            ]
          }
        }
      },
      "children": [
        18
      ]
    },
    {
      "rotation": [
        4.141652298894625e-17,
        -3.1994017493505597e-33,
        -7.724940478959219e-17,
        1
      ],
      "translation": [
        0,
        477.2829006521797,
        0
      ],
      "name": "mixamorigRightToe_End",
      "extras": {
        "transformData": {
          "eulerOrder": "ZYX",
          "translation": [
            0,
            477.2829006521797,
            0
          ],
          "preRotation": [
            4.745983938746339e-15,
            0,
            -8.85212972868264e-15
          ],
          "parentMatrixWorld": {
            "elements": [
              0.9999620606272236,
              0.008397164880548223,
              0.0023162314490961307,
              0,
              -0.00857753408902355,
              0.9955470538187576,
              0.09387486107442844,
              0,
              -0.0015176347085294705,
              -0.09389116707529248,
              0.9955813103559803,
              0,
              0,
              616.5831267820284,
              -5.684341886080802e-14,
              1
            ]
          }
        }
      }
    },
    {
      "rotation": [
        0.046993873144500084,
        -0.0009595357671451989,
        0.0042484088197576216,
        0.9988856822482192
      ],
      "translation": [
        0,
        616.5831267820284,
        -5.684341886080802e-14
      ],
      "scale": [
        1,
        1,
        0.9999999999999999
      ],
      "name": "mixamorigRightToeBase",
      "extras": {
        "transformData": {
          "eulerOrder": "ZYX",
          "translation": [
            0,
            616.5831267820284,
            -5.684341886080802e-14
          ],
          "preRotation": [
            -1.837597558180364,
            4.969616689786745e-17,
            0.5281318866166285
          ],
          "parentMatrixWorld": {
            "elements": [
              0.9967614500396772,
              0.07924066648012693,
              -0.013694105294485715,
              0,
              0.030015945348692796,
              -0.20863399565041396,
              0.9775330735033184,
              0,
              0.0746033160714419,
              -0.9747783253354606,
              -0.21033680755347062,
              0,
              0,
              2528.991515591751,
              -7.105427357601002e-15,
              1
            ]
          }
        }
      },
      "children": [
        20
      ]
    },
    {
      "rotation": [
        0.777131303777483,
        0.035147410514074245,
        0.01959424696987769,
        0.6280506876215692
      ],
      "translation": [
        0,
        2528.991515591751,
        -7.105427357601002e-15
      ],
      "name": "mixamorigRightFoot",
      "extras": {
        "transformData": {
          "eulerOrder": "ZYX",
          "translation": [
            0,
            2528.991515591751,
            -7.105427357601002e-15
          ],
          "preRotation": [
            91.53403184616884,
            -0.5481372887053781,
            -4.9698441172403015e-17
          ],
          "parentMatrixWorld": {
            "elements": [
              0.9859439566204732,
              -0.04449101080881992,
              -0.16104367073143613,
              0,
              0.0239586642085304,
              0.9915799289861007,
              -0.12726046736850716,
              0,
              0.16534961849000027,
              0.12161329739266781,
              0.9787081836984127,
              0,
              -2.2737367544323206e-13,
              2592.078065870364,
              -2.842170943040401e-14,
              1
            ]
          }
        }
      },
      "children": [
        21
      ]
    },
    {
      "rotation": [
        -0.0625616574587816,
        0.08204844402426972,
        -0.017206816177309046,
        0.9945139517968496
      ],
      "translation": [
        -2.2737367544323206e-13,
        2592.078065870364,
        -2.842170943040401e-14
      ],
      "name": "mixamorigRightLeg",
      "extras": {
        "transformData": {
          "eulerOrder": "ZYX",
          "translation": [
            -2.2737367544323206e-13,
            2592.078065870364,
            -2.842170943040401e-14
          ],
          "preRotation": [
            -1.7915477209905182,
            9.318031293350148e-18,
            2.0007395081339783
          ],
          "parentMatrixWorld": {
            "elements": [
              -0.9832610671798845,
              -0.18220163101248443,
              0.0004893103964428436,
              0,
              0.02731915374728265,
              -0.14477306948734325,
              0.9890876716397514,
              0,
              -0.18014254801907828,
              0.9725447670969203,
              0.14732731717366887,
              0,
              -1735.6973056793213,
              50.95875549316391,
              525.7529296875,
              1
            ]
          }
        }
      },
      "children": [
        22
      ]
    },
    {
      "rotation": [
        0.059549737895707215,
        -0.6502231694808469,
        -0.754215064461208,
        0.06944994691581882
      ],
      "translation": [
        -1735.6973056793213,
        50.95875549316391,
        525.7529296875
      ],
      "name": "mixamorigRightUpLeg",
      "extras": {
        "transformData": {
          "eulerOrder": "ZYX",
          "translation": [
            -1735.6973056793213,
            50.95875549316391,
            525.7529296875
          ],
          "preRotation": [
            91.93768990521076,
            2.319900875440127,
            -179.9215346809461
          ],
          "parentMatrixWorld": {
            "elements": [
              0.9952217928410201,
              -0.0413938154186434,
              0.08843152509584436,
              0,
              -0.08517116312222436,
              0.0748228844655372,
              0.993552876397226,
              0,
              -0.04774364416440284,
              -0.9963372909160236,
              0.07093980586195014,
              0,
              134.99593123063602,
              5824.403539537894,
              -32.21374830636718,
              1
            ]
          }
        }
      },
      "children": [
        23
      ]
    },
    {
      "rotation": [
        0.6799740992334805,
        -0.04653301452347289,
        0.0149593495462945,
        0.7316051337677449
      ],
      "translation": [
        134.99593123063602,
        5824.403539537894,
        -32.21374830636718
      ],
      "name": "mixamorigHips",
      "extras": {
        "transformData": {
          "eulerOrder": "ZYX",
          "translation": [
            21.10270118713379,
            -105.04498291015456,
            -5953.095703125
          ],
          "preRotation": [
            90,
            0,
            0
          ],
          "parentMatrixWorld": {
            "elements": [
              1,
              0,
              0,
              0,
              0,
              1,
              0,
              0,
              0,
              0,
              1,
              0,
              -0.00030904570121492725,
              352.04547665712835,
              10308.942058654931,
              1
            ]
          }
        }
      },
      "children": [
        14,
        19,
        24
      ]
    },
    {
      "translation": [
        -0.00030904570121492725,
        352.04547665712835,
        10308.942058654931
      ],
      "children": [
        0,
        25
      ]
    }
  ],
  "bufferViews": [
    {
      "buffer": 0,
      "byteOffset": 0,
      "byteLength": 75960,
      "target": 34962,
      "byteStride": 12
    },
    {
      "buffer": 0,
      "byteOffset": 75960,
      "byteLength": 75960,
      "target": 34962,
      "byteStride": 12
    },
    {
      "buffer": 0,
      "byteOffset": 151920,
      "byteLength": 50640,
      "target": 34962,
      "byteStride": 8
    },
    {
      "buffer": 0,
      "byteOffset": 202560,
      "byteLength": 101280,
      "target": 34962,
      "byteStride": 16
    },
    {
      "buffer": 0,
      "byteOffset": 303840,
      "byteLength": 75960,
      "target": 34962,
      "byteStride": 12
    },
    {
      "buffer": 0,
      "byteOffset": 379800,
      "byteLength": 50640,
      "target": 34962,
      "byteStride": 8
    },
    {
      "buffer": 0,
      "byteOffset": 430440,
      "byteLength": 1408
    },
    {
      "buffer": 0,
      "byteOffset": 431848,
      "byteLength": 1004
    },
    {
      "buffer": 0,
      "byteOffset": 432852,
      "byteLength": 3012
    },
    {
      "buffer": 0,
      "byteOffset": 435864,
      "byteLength": 1004
    },
    {
      "buffer": 0,
      "byteOffset": 436868,
      "byteLength": 4016
    },
    {
      "buffer": 0,
      "byteOffset": 440884,
      "byteLength": 1004
    },
    {
      "buffer": 0,
      "byteOffset": 441888,
      "byteLength": 4016
    },
    {
      "buffer": 0,
      "byteOffset": 445904,
      "byteLength": 1004
    },
    {
      "buffer": 0,
      "byteOffset": 446908,
      "byteLength": 4016
    },
    {
      "buffer": 0,
      "byteOffset": 450924,
      "byteLength": 1004
    },
    {
      "buffer": 0,
      "byteOffset": 451928,
      "byteLength": 4016
    },
    {
      "buffer": 0,
      "byteOffset": 455944,
      "byteLength": 1004
    },
    {
      "buffer": 0,
      "byteOffset": 456948,
      "byteLength": 4016
    },
    {
      "buffer": 0,
      "byteOffset": 460964,
      "byteLength": 1004
    },
    {
      "buffer": 0,
      "byteOffset": 461968,
      "byteLength": 4016
    },
    {
      "buffer": 0,
      "byteOffset": 465984,
      "byteLength": 1004
    },
    {
      "buffer": 0,
      "byteOffset": 466988,
      "byteLength": 4016
    },
    {
      "buffer": 0,
      "byteOffset": 471004,
      "byteLength": 1004
    },
    {
      "buffer": 0,
      "byteOffset": 472008,
      "byteLength": 4016
    },
    {
      "buffer": 0,
      "byteOffset": 476024,
      "byteLength": 1004
    },
    {
      "buffer": 0,
      "byteOffset": 477028,
      "byteLength": 4016
    },
    {
      "buffer": 0,
      "byteOffset": 481044,
      "byteLength": 1004
    },
    {
      "buffer": 0,
      "byteOffset": 482048,
      "byteLength": 4016
    },
    {
      "buffer": 0,
      "byteOffset": 486064,
      "byteLength": 1004
    },
    {
      "buffer": 0,
      "byteOffset": 487068,
      "byteLength": 4016
    },
    {
      "buffer": 0,
      "byteOffset": 491084,
      "byteLength": 1004
    },
    {
      "buffer": 0,
      "byteOffset": 492088,
      "byteLength": 4016
    },
    {
      "buffer": 0,
      "byteOffset": 496104,
      "byteLength": 1004
    },
    {
      "buffer": 0,
      "byteOffset": 497108,
      "byteLength": 4016
    },
    {
      "buffer": 0,
      "byteOffset": 501124,
      "byteLength": 1004
    },
    {
      "buffer": 0,
      "byteOffset": 502128,
      "byteLength": 4016
    },
    {
      "buffer": 0,
      "byteOffset": 506144,
      "byteLength": 1004
    },
    {
      "buffer": 0,
      "byteOffset": 507148,
      "byteLength": 4016
    },
    {
      "buffer": 0,
      "byteOffset": 511164,
      "byteLength": 1004
    },
    {
      "buffer": 0,
      "byteOffset": 512168,
      "byteLength": 4016
    },
    {
      "buffer": 0,
      "byteOffset": 516184,
      "byteLength": 1004
    },
    {
      "buffer": 0,
      "byteOffset": 517188,
      "byteLength": 4016
    },
    {
      "buffer": 0,
      "byteOffset": 521204,
      "byteLength": 1004
    },
    {
      "buffer": 0,
      "byteOffset": 522208,
      "byteLength": 4016
    },
    {
      "buffer": 0,
      "byteOffset": 526224,
      "byteLength": 1004
    },
    {
      "buffer": 0,
      "byteOffset": 527228,
      "byteLength": 4016
    },
    {
      "buffer": 0,
      "byteOffset": 531244,
      "byteLength": 1004
    },
    {
      "buffer": 0,
      "byteOffset": 532248,
      "byteLength": 4016
    }
  ],
  "buffers": [
    {
      "byteLength": 536264,
