{
  "asset": {
    "version": "2.0",
    "generator": "GLTFExporter"
  },
  "scenes": [
    {
      "name": "AuxScene",
      "nodes": [
        45
      ]
    }
  ],
  "scene": 0,
  "nodes": [
    {
      "name": "Object_4",
      "extras": {
        "transformData": {
          "eulerOrder": "ZYX",
          "parentMatrixWorld": {
            "elements": [
              1,
              0,
              0,
              0,
              0,
              1,
              0,
              0,
              0,
              0,
              1,
              0,
              0.004591464996337891,
              -2.085320441488875,
              0.12594148516654968,
              1
            ]
          }
        }
      },
      "mesh": 0,
      "skin": 0
    },
    {
      "name": "Object_6",
      "extras": {
        "transformData": {
          "eulerOrder": "ZYX",
          "parentMatrixWorld": {
            "elements": [
              1,
              0,
              0,
              0,
              0,
              1,
              0,
              0,
              0,
              0,
              1,
              0,
              0.004591464996337891,
              -2.085320441488875,
              0.12594148516654968,
              1
            ]
          }
        }
      },
      "mesh": 1,
      "skin": 1
    },
    {
      "name": "mixamorigSpine1"
    },
    {
      "name": "mixamorigSpine2"
    },
    {
      "name": "mixamorigNeck"
    },
    {
      "name": "mixamorigHead"
    },
    {
      "translation": [
        0,
        0.7185776233673096,
        0.06426037847995758
      ],
      "name": "mixamorigHeadTop_End",
      "extras": {
        "transformData": {
          "eulerOrder": "ZYX",
          "translation": [
            0,
            0.7185776233673096,
            0.06426037847995758
          ],
          "parentMatrixWorld": {
            "elements": [
              0.9908024427009453,
              0.019447403909780073,
              0.13391160293025287,
              0,
              -0.049263994792144716,
              0.9735460463799491,
              0.22311690346727833,
              0,
              -0.12603006679082326,
              -0.22766179362571384,
              0.9655498576805029,
              0,
              0,
              0.264695405960083,
              0.023670971393585205,
              1
            ]
          }
        }
      }
    },
    {
      "rotation": [
        0.11369535900872683,
        -0.06556246258054393,
        0.01733038227801505,
        0.9911985436854817
      ],
      "translation": [
        0,
        0.264695405960083,
        0.023670971393585205
      ],
      "name": "mixamorigHead",
      "extras": {
        "transformData": {
          "eulerOrder": "ZYX",
          "translation": [
            0,
            0.264695405960083,
            0.023670971393585205
          ],
          "parentMatrixWorld": {
            "elements": [
              0.9955181438611723,
              0.07552173615352041,
              0.05692181232143141,
              0,
              -0.08211362451605807,
              0.9888644213173388,
              0.12411490315792409,
              0,
              -0.04691458215133158,
              -0.12823269429214648,
              0.9906338366513029,
              0,
              0,
              0.2727449228220902,
              5.075488571093523e-9,
              1
            ]
          }
        }
      },
      "children": [
        5,
        6
      ]
    },
    {
      "rotation": [
        0.06328484394491819,
        -0.026040549172701998,
        0.039532491297639576,
        0.9968721644858153
      ],
      "translation": [
        0,
        0.2727449228220902,
        5.075488571093523e-9
      ],
      "name": "mixamorigNeck",
      "extras": {
        "transformData": {
          "eulerOrder": "ZYX",
          "translation": [
            0,
            0.2727449228220902,
            5.075488571093523e-9
          ],
          "preRotation": [
            3.239587967065442,
            0,
            0
          ],
          "parentMatrixWorld": {
            "elements": [
              0.9986106075966834,
              -0.05260206858796437,
              -0.0031427504326591773,
              0,
              0.05267947539742106,
              0.9980104484416474,
              0.03464127340302686,
              0,
              0.0013142951979664558,
              -0.03475870152059536,
              0.9993948695797401,
              0,
              0,
              0.24243998876066097,
              6.69504590655734e-11,
              1
            ]
          }
        }
      },
      "children": [
        4,
        7
      ]
    },
    {
      "name": "mixamorigLeftShoulder"
    },
    {
      "name": "mixamorigLeftArm"
    },
    {
      "name": "mixamorigLeftForeArm"
    },
    {
      "rotation": [
        2.775557561562892e-17,
        1.3877787807814457e-17,
        2.0816681711721685e-17,
        1
      ],
      "translation": [
        -0.0006972149113264603,
        0.022145113782010784,
        -0.012320952301547727
      ],
      "name": "mixamorigLeftHandIndex4",
      "extras": {
        "transformData": {
          "eulerOrder": "ZYX",
          "translation": [
            -0.0006972149113264603,
            0.022145113782010784,
            -0.012320952301547727
          ],
          "preRotation": [
            3.1805546814635176e-15,
            1.5902773407317584e-15,
            2.3854160110976376e-15
          ],
          "parentMatrixWorld": {
            "elements": [
              0.9990479426123785,
              -0.03697552785915111,
              0.023152079323745526,
              0,
              0.03810862839542587,
              0.9979926634395204,
              -0.0505803946396381,
              0,
              -0.021235368593344604,
              0.05141453315570734,
              0.9984516037464609,
              0,
              0.0016262683973866654,
              0.0463913071708828,
              -0.029241920877924432,
              1
            ]
          }
        }
      }
    },
    {
      "rotation": [
        -0.025513111464486014,
        -0.011103119839499196,
        -0.018781624627291785,
        0.9994363872211482
      ],
      "translation": [
        0.0016262683973866654,
        0.0463913071708828,
        -0.029241920877924432
      ],
      "name": "mixamorigLeftHandIndex3",
      "extras": {
        "transformData": {
          "eulerOrder": "ZYX",
          "translation": [
            0.0016262683973866654,
            0.0463913071708828,
            -0.029241920877924432
          ],
          "preRotation": [
            3.1805546814635176e-15,
            1.5902773407317584e-15,
            2.3854160110976376e-15
          ],
          "parentMatrixWorld": {
            "elements": [
              0.9995174916693583,
              0.02989862918440935,
              0.008417588446333748,
              0,
              -0.029787981298989342,
              0.8458949257290915,
              0.5325170822872685,
              0,
              0.008801135863610279,
              -0.5325108813259196,
              0.8463773942122248,
              0,
              -5.861400254048021e-10,
              0.039060768246958366,
              -1.503265512070584e-9,
              1
            ]
          }
        }
      },
      "children": [
        12
      ]
    },
    {
      "rotation": [
        0.2771485033912514,
        0.0000998092034289325,
        0.015532037968139682,
        0.9607015287664071
      ],
      "translation": [
        -5.861400254048021e-10,
        0.039060768246958366,
        -1.503265512070584e-9
      ],
      "name": "mixamorigLeftHandIndex2",
      "extras": {
        "transformData": {
          "eulerOrder": "ZYX",
          "translation": [
            -5.861400254048021e-10,
            0.039060768246958366,
            -1.503265512070584e-9
          ],
          "preRotation": [
            3.1805545785874372e-15,
            1.5902773533281627e-15,
            6.758678751644692e-15
          ],
          "parentMatrixWorld": {
            "elements": [
              0.1012966970135498,
              -0.02390167927267684,
              -0.9945691004730715,
              0,
              -0.002379857085245539,
              0.9997026696563429,
              -0.024267438357929765,
              0,
              0.9948534174279758,
              0.004825143743786736,
              0.10120969585026351,
              0,
              1.0302576569642952e-9,
              0.11543435776929489,
              -2.5336681641618952e-9,
              1
            ]
          }
        }
      },
      "children": [
        13
      ]
    },
    {
      "rotation": [
        -0.009802187344458263,
        0.6702977466754102,
        -0.007251365050298276,
        0.7419920952175078
      ],
      "translation": [
        1.0302576569642952e-9,
        0.11543435776929489,
        -2.5336681641618952e-9
      ],
      "scale": [
        0.9999999999999999,
        1,
        1
      ],
      "name": "mixamorigLeftHandIndex1",
      "extras": {
        "transformData": {
          "eulerOrder": "ZYX",
          "translation": [
            1.0302576569642952e-9,
            0.11543435776929489,
            -2.5336681641618952e-9
          ],
          "preRotation": [
            44.79929875666939,
            84.18777755928252,
            0.000010206918528786827
          ],
          "parentMatrixWorld": {
            "elements": [
              0.9755922552175453,
              0.04722864661093113,
              -0.21445093733544826,
              0,
              -0.08168107586660565,
              0.9845704073870668,
              -0.15475565739111397,
              0,
              0.20383314605339922,
              0.16849500463984626,
              0.9643969510014051,
              0,
              1.0665784921926047e-10,
              0.541627053124377,
              -3.595283626367518e-9,
              1
            ]
          }
        }
      },
      "children": [
        14
      ]
    },
    {
      "rotation": [
        -0.08158568628913013,
        0.1055713043020167,
        0.03253570499002978,
        0.9905250440788037
      ],
      "translation": [
        1.0665784921926047e-10,
        0.541627053124377,
        -3.595283626367518e-9
      ],
      "scale": [
        0.9999999999999999,
        1,
        0.9999999999999999
      ],
      "name": "mixamorigLeftHand",
      "extras": {
        "transformData": {
          "eulerOrder": "ZYX",
          "translation": [
            1.0665784921926047e-10,
            0.541627053124377,
            -3.595283626367518e-9
          ],
          "preRotation": [
            -0.5096102651609162,
            -7.045573302231528e-7,
            11.291205802577403
          ],
          "parentMatrixWorld": {
            "elements": [
              0.9780306975546361,
              0.20845998042694408,
              -0.0006247843961507425,
              0,
              -0.20846054628157756,
              0.9780189167632818,
              -0.004816456276284841,
              0,
              -0.0003929874423357867,
              0.0048408849886362165,
              0.9999882056269177,
              0,
              -1.408726468810073e-10,
              0.4242826973703657,
              4.444044465756747e-9,
              1
            ]
          }
        }
      },
      "children": [
        15
      ]
    },
    {
      "rotation": [
        -0.0024277131439105343,
        0.00005827033508063477,
        0.104807670650816,
        0.9944895352592107
      ],
      "translation": [
        -1.408726468810073e-10,
        0.4242826973703657,
        4.444044465756747e-9
      ],
      "scale": [
        0.9999999999999999,
        0.9999999999999999,
        0.9999999999999999
      ],
      "name": "mixamorigLeftForeArm",
      "extras": {
        "transformData": {
          "eulerOrder": "ZYX",
          "translation": [
            -1.408726468810073e-10,
            0.4242826973703657,
            4.444044465756747e-9
          ],
          "preRotation": [
            1.0231703317036729,
            7.778175853341775e-8,
            0.7527486528673857
          ],
          "parentMatrixWorld": {
            "elements": [
              0.7438309082694753,
              0.5975587624034862,
              -0.2993978972785907,
              0,
              -0.03667088424437964,
              0.4837666137124934,
              0.874428442282018,
              0,
              0.6673610879192485,
              -0.6394477147490912,
              0.381753569222397,
              0,
              1.085815604096041e-10,
              0.243764080939879,
              2.0561041758071497e-9,
              1
            ]
          }
        }
      },
      "children": [
        11,
        16
      ]
    },
    {
      "rotation": [
        0.46859116651260746,
        0.29924159813628065,
        0.19631355483029456,
        0.8076742932959121
      ],
      "translation": [
        1.085815604096041e-10,
        0.243764080939879,
        2.0561041758071497e-9
      ],
      "name": "mixamorigLeftArm",
      "extras": {
        "transformData": {
          "eulerOrder": "ZYX",
          "translation": [
            1.085815604096041e-10,
            0.243764080939879,
            2.0561041758071497e-9
          ],
          "preRotation": [
            38.198460890288324,
            4.924015400717463,
            -3.538604090985007e-8
          ],
          "parentMatrixWorld": {
            "elements": [
              -0.010406283049118946,
              0.0021476462974385764,
              -0.9999435575106724,
              0,
              0.9936478631067449,
              -0.11203562822572376,
              -0.010581380551068496,
              0,
              -0.11205201798770831,
              -0.9937018813941877,
              -0.0009681415262741133,
              0,
              0.11679063737392426,
              0.23373260988805633,
              -0.0018647154098064694,
              1
            ]
          }
        }
      },
      "children": [
        10,
        17
      ]
    },
    {
      "rotation": [
        -0.5250232106066547,
        -0.4741673745497652,
        0.5294982931390263,
        -0.46813192301876594
      ],
      "translation": [
        0.11679063737392426,
        0.23373260988805633,
        -0.0018647154098064694
      ],
      "scale": [
        0.9999999999999999,
        0.9999999999999999,
        1
      ],
      "name": "mixamorigLeftShoulder",
      "extras": {
        "transformData": {
          "eulerOrder": "ZYX",
          "translation": [
            0.11679063737392426,
            0.23373260988805633,
            -0.0018647154098064694
          ],
          "preRotation": [
            -71.55613444229856,
            89.0809332243302,
            179.864792316907
          ],
          "parentMatrixWorld": {
            "elements": [
              0.9986106075966834,
              -0.05260206858796437,
              -0.0031427504326591773,
              0,
              0.05267947539742106,
              0.9980104484416474,
              0.03464127340302686,
              0,
              0.0013142951979664558,
              -0.03475870152059536,
              0.9993948695797401,
              0,
              0,
              0.24243998876066097,
              6.69504590655734e-11,
              1
            ]
          }
        }
      },
      "children": [
        9,
        18
      ]
    },
    {
      "name": "mixamorigRightShoulder"
    },
    {
      "name": "mixamorigRightArm"
    },
    {
      "name": "mixamorigRightForeArm"
    },
    {
      "rotation": [
        5.741114409416052e-34,
        1.6046192152785466e-17,
        -3.5778671692021646e-17,
        1
      ],
      "translation": [
        0.0006069866686029268,
        0.026807732521264227,
        -0.011773228998998908
      ],
      "name": "mixamorigRightHandIndex4",
      "extras": {
        "transformData": {
          "eulerOrder": "ZYX",
          "translation": [
            0.0006069866686029268,
            0.026807732521264227,
            -0.011773228998998908
          ],
          "preRotation": [
            0,
            1.8387581752210955e-15,
            -4.099933769074065e-15
          ],
          "parentMatrixWorld": {
            "elements": [
              0.9998082424794037,
              -0.017718583289603473,
              0.008338469476545336,
              0,
              0.018037975763284402,
              0.999039681083722,
              -0.03992927540355505,
              0,
              -0.007622971688590881,
              0.04007202777623271,
              0.9991677150901426,
              0,
              -0.00022693846534971307,
              0.05274556083139448,
              -0.026087083237086195,
              1
            ]
          }
        }
      }
    },
    {
      "rotation": [
        -0.020005288710358934,
        -0.003991350466183806,
        -0.008941357936813525,
        0.9997519198306084
      ],
      "translation": [
        -0.00022693846534971307,
        0.05274556083139448,
        -0.026087083237086195
      ],
      "name": "mixamorigRightHandIndex3",
      "extras": {
        "transformData": {
          "eulerOrder": "ZYX",
          "translation": [
            -0.00022693846534971307,
            0.05274556083139448,
            -0.026087083237086195
          ],
          "preRotation": [
            0,
            1.8387581752210955e-15,
            -4.099933769074065e-15
          ],
          "parentMatrixWorld": {
            "elements": [
              0.9861398700104559,
              -0.165898783383178,
              -0.002398127190546842,
              0,
              0.14834530230942608,
              0.8751403274296151,
              0.4605682182809267,
              0,
              -0.07430900769600984,
              -0.4545404339326962,
              0.887621073367991,
              0,
              -2.026902867768854e-9,
              0.038530703090649876,
              7.490733588966236e-10,
              1
            ]
          }
        }
      },
      "children": [
        23
      ]
    },
    {
      "rotation": [
        0.23631465740239732,
        -0.01857002996206645,
        -0.08114936217851644,
        0.9681039913823173
      ],
      "translation": [
        -2.026902867768854e-9,
        0.038530703090649876,
        7.490733588966236e-10
      ],
      "name": "mixamorigRightHandIndex2",
      "extras": {
        "transformData": {
          "eulerOrder": "ZYX",
          "translation": [
            -2.026902867768854e-9,
            0.038530703090649876,
            7.490733588966236e-10
          ],
          "preRotation": [
            6.361109591017356e-15,
            -2.335719884071372e-15,
            -3.7272125809649554e-16
          ],
          "parentMatrixWorld": {
            "elements": [
              -0.00042341336753559666,
              -0.14072560100163262,
              0.9900485574959278,
              0,
              -0.016495640687980664,
              0.9899149106321815,
              0.14069955135169937,
              0,
              -0.9998638581403625,
              -0.016271912456922475,
              -0.002740502234248154,
              0,
              -6.257463713854605e-10,
              0.1063774689477246,
              -1.849942199427801e-9,
              1
            ]
          }
        }
      },
      "children": [
        24
      ]
    },
    {
      "rotation": [
        -0.05568253369444308,
        0.7058822186161735,
        0.044068130494456806,
        -0.7047607813160944
      ],
      "translation": [
        -6.257463713854605e-10,
        0.1063774689477246,
        -1.849942199427801e-9
      ],
      "scale": [
        1,
        1,
        0.9999999999999999
      ],
      "name": "mixamorigRightHandIndex1",
      "extras": {
        "transformData": {
          "eulerOrder": "ZYX",
          "translation": [
            -6.257463713854605e-10,
            0.1063774689477246,
            -1.849942199427801e-9
          ],
          "preRotation": [
            -138.67493721663755,
            -89.90893578639042,
            -179.99740639968715
          ],
          "parentMatrixWorld": {
            "elements": [
              0.9999275965337509,
              -0.008273913890925282,
              -0.008737507959996883,
              0,
              0.004160816023789361,
              0.9190497205406615,
              -0.3941196591186959,
              0,
              0.011291116261983706,
              0.39405476832890424,
              0.919017604387014,
              0,
              2.772226892489016e-11,
              0.5416282986980514,
              1.7152904874251362e-8,
              1
            ]
          }
        }
      },
      "children": [
        25
      ]
    },
    {
      "rotation": [
        -0.20115930975602117,
        0.005111741872802891,
        -0.0031736143669959943,
        0.9795400824395702
      ],
      "translation": [
        2.772226892489016e-11,
        0.5416282986980514,
        1.7152904874251362e-8
      ],
      "name": "mixamorigRightHand",
      "extras": {
        "transformData": {
          "eulerOrder": "ZYX",
          "translation": [
            2.772226892489016e-11,
            0.5416282986980514,
            1.7152904874251362e-8
          ],
          "preRotation": [
            0.13855797423351923,
            5.624557634666681e-7,
            -11.73761487886808
          ],
          "parentMatrixWorld": {
            "elements": [
              0.701052765077599,
              -0.7131081767298227,
              0.0013127277302376894,
              0,
              0.7131082921294816,
              0.7010472800031166,
              -0.0030412648535698343,
              0,
              0.001248466739693588,
              0.0030682041658229016,
              0.9999945137117138,
              0,
              1.0824301177603246e-10,
              0.42424745705134814,
              -3.820698868395311e-9,
              1
            ]
          }
        }
      },
      "children": [
        26
      ]
    },
    {
      "rotation": [
        -0.0016561523758998541,
        -0.000017419843169590294,
        -0.3866181800662632,
        0.9222383622873493
      ],
      "translation": [
        1.0824301177603246e-10,
        0.42424745705134814,
        -3.820698868395311e-9
      ],
      "scale": [
        0.9999999999999999,
        1,
        1
      ],
      "name": "mixamorigRightForeArm",
      "extras": {
        "transformData": {
          "eulerOrder": "ZYX",
          "translation": [
            1.0824301177603246e-10,
            0.42424745705134814,
            -3.820698868395311e-9
          ],
          "preRotation": [
            1.0393175346689842,
            5.344855778329399e-9,
            -0.23838686275619014
          ],
          "parentMatrixWorld": {
            "elements": [
              0.8484521419627973,
              0.4906051341911972,
              -0.1985838798650487,
              0,
              -0.1364172869152711,
              0.5652328934884236,
              0.8135736461330422,
              0,
              0.5113895568621786,
              -0.6631880247386658,
              0.5465000839422969,
              0,
              -1.2112941205622008e-10,
              0.24376408093983493,
              2.055370984521687e-9,
              1
            ]
          }
        }
      },
      "children": [
        22,
        27
      ]
    },
    {
      "rotation": [
        0.429161730741476,
        0.20632539081710805,
        0.1822189949559842,
        0.8602594110152023
      ],
      "translation": [
        -1.2112941205622008e-10,
        0.24376408093983493,
        2.055370984521687e-9
      ],
      "name": "mixamorigRightArm",
      "extras": {
        "transformData": {
          "eulerOrder": "ZYX",
          "translation": [
            -1.2112941205622008e-10,
            0.24376408093983493,
            2.055370984521687e-9
          ],
          "preRotation": [
            38.186772199025484,
            -3.908021873344248,
            2.9569307131033936e-8
          ],
          "parentMatrixWorld": {
            "elements": [
              0.3103430031580261,
              -0.02016192071476891,
              0.9504108409633888,
              0,
              -0.933240226631957,
              -0.19678795854479247,
              0.30056158150965595,
              0,
              0.18096946997650776,
              -0.9802387881719145,
              -0.07988771031203701,
              0,
              -0.11679063737392426,
              0.23377136557807177,
              -0.0025494230580569988,
              1
            ]
          }
        }
      },
      "children": [
        21,
        28
      ]
    },
    {
      "rotation": [
        -0.6298846465851615,
        0.3784034713798284,
        -0.4490426608560509,
        -0.5083471936588964
      ],
      "translation": [
        -0.11679063737392426,
        0.23377136557807177,
        -0.0025494230580569988
      ],
      "name": "mixamorigRightShoulder",
      "extras": {
        "transformData": {
          "eulerOrder": "ZYX",
          "translation": [
            -0.11679063737392426,
            0.23377136557807177,
            -0.0025494230580569988
          ],
          "preRotation": [
            -71.61117442662785,
            -88.74196788375723,
            -179.8289443026993
          ],
          "parentMatrixWorld": {
            "elements": [
              0.9986106075966834,
              -0.05260206858796437,
              -0.0031427504326591773,
              0,
              0.05267947539742106,
              0.9980104484416474,
              0.03464127340302686,
              0,
              0.0013142951979664558,
              -0.03475870152059536,
              0.9993948695797401,
              0,
              0,
              0.24243998876066097,
              6.69504590655734e-11,
              1
            ]
          }
        }
      },
      "children": [
        20,
        29
      ]
    },
    {
      "rotation": [
        0.017358640321867732,
        0.0011148167140597634,
        -0.02633350309685986,
        0.9995018854701838
      ],
      "translation": [
        0,
        0.24243998876066097,
        6.69504590655734e-11
      ],
      "name": "mixamorigSpine2",
      "extras": {
        "transformData": {
          "eulerOrder": "ZYX",
          "translation": [
            0,
            0.24243998876066097,
            6.69504590655734e-11
          ],
          "preRotation": [
            -3.975693285497329e-16,
            0,
            0
          ],
          "parentMatrixWorld": {
            "elements": [
              0.9986111771075595,
              -0.052537922384532774,
              -0.003934942299864747,
              0,
              0.05264290626842682,
              0.9980126027457233,
              0.03463479938551119,
              0,
              0.00210748167253798,
              -0.03479384457598481,
              0.9993922888165212,
              0,
              0,
              0.21213504987435394,
              -9.559043834261871e-11,
              1
            ]
          }
        }
      },
      "children": [
        3,
        8,
        19,
        30
      ]
    },
    {
      "rotation": [
        0.01736581084570363,
        0.001511358796125764,
        -0.026308311249671475,
        0.9995019031701725
      ],
      "translation": [
        0,
        0.21213504987435394,
        -9.559043834261871e-11
      ],
      "name": "mixamorigSpine1",
      "extras": {
        "transformData": {
          "eulerOrder": "ZYX",
          "translation": [
            0,
            0.21213504987435394,
            -9.559043834261871e-11
          ],
          "preRotation": [
            -0.0000017048185891978688,
            0,
            0
          ],
          "parentMatrixWorld": {
            "elements": [
              0.9974112198396269,
              0.07051442560250637,
              0.014091647879825874,
              0,
              -0.0710257872329339,
              0.9966775074717217,
              0.03986582408832668,
              0,
              -0.01123371291970782,
              -0.04076349057978227,
              0.9991056708906166,
              0,
              0,
              0.18153929710388184,
              -0.010275457054376602,
              1
            ]
          }
        }
      },
      "children": [
        2,
        31
      ]
    },
    {
      "rotation": [
        0.020174497994303126,
        -0.006336733020221001,
        0.03541519299420828,
        0.9991489588845911
      ],
      "translation": [
        0,
        0.18153929710388184,
        -0.010275457054376602
      ],
      "name": "mixamorigSpine",
      "extras": {
        "transformData": {
          "eulerOrder": "ZYX",
          "translation": [
            0,
            0.18153929710388184,
            -0.010275457054376602
          ],
          "preRotation": [
            -3.2395862622468528,
            0,
            0
          ],
          "parentMatrixWorld": {
            "elements": [
              0.995244098375341,
              -0.06714306390155428,
              -0.07057615228206758,
              0,
              0.06437003336956981,
              0.9970892492408476,
              -0.04085985363803931,
              0,
              0.07311417854992465,
              0.03612253874291404,
              0.9966691922829743,
              0,
              -0.8310775819942788,
              2.193841588769804,
              0.09713406217388258,
              1
            ]
          }
        }
      },
      "children": [
        32
      ]
    },
    {
      "rotation": [
        -9.261640870089069e-11,
        2.1724701076903572e-16,
        -1.7347234595060626e-18,
        1
      ],
      "translation": [
        -2.4584861924026313e-11,
        0.08630067234648806,
        -2.05267920716512e-12
      ],
      "name": "mixamorigLeftToe_End",
      "extras": {
        "transformData": {
          "eulerOrder": "ZYX",
          "translation": [
            -2.4584861924026313e-11,
            0.08630067234648806,
            -2.05267920716512e-12
          ],
          "preRotation": [
            -1.0613058664439505e-8,
            2.4894673657779372e-14,
            -1.9878466800971677e-16
          ],
          "parentMatrixWorld": {
            "elements": [
              0.9996051254335586,
              -0.028099700553777526,
              -6.225035299126797e-8,
              0,
              0.025902629931647752,
              0.9214467449938881,
              0.3876402233930835,
              0,
              -0.010892517332552011,
              -0.3874871557334561,
              0.9218107452889407,
              0,
              -4.6071979564743515e-11,
              0.23192231323808085,
              8.408380935964743e-11,
              1
            ]
          }
        }
      }
    },
    {
      "rotation": [
        0.19770409400840053,
        -0.0027782310643961897,
        -0.013773841707145138,
        0.9801610116045499
      ],
      "translation": [
        -4.6071979564743515e-11,
        0.23192231323808085,
        8.408380935964743e-11
      ],
      "name": "mixamorigLeftToeBase",
      "extras": {
        "transformData": {
          "eulerOrder": "ZYX",
          "translation": [
            -4.6071979564743515e-11,
            0.23192231323808085,
            8.408380935964743e-11
          ],
          "preRotation": [
            22.807702605186723,
            -2.0695564918940677e-7,
            -1.610177376056371
          ],
          "parentMatrixWorld": {
            "elements": [
              0.9683164337940392,
              -0.22772698410706962,
              0.10248757975150886,
              0,
              -0.044749289348708934,
              0.2455266215653117,
              0.9683564226731542,
              0,
              -0.2456843185809973,
              -0.9422616838962845,
              0.22755684205374216,
              0,
              -2.1158708118917957e-10,
              1.0023635737321004,
              8.400643375372496e-11,
              1
            ]
          }
        }
      },
      "children": [
        34
      ]
    },
    {
      "rotation": [
        0.611398595470865,
        -0.11141515349979363,
        -0.05855293906882723,
        0.7812489760047566
      ],
      "translation": [
        -2.1158708118917957e-10,
        1.0023635737321004,
        8.400643375372496e-11
      ],
      "scale": [
        0.9999999999999999,
        1,
        1
      ],
      "name": "mixamorigLeftFoot",
      "extras": {
        "transformData": {
          "eulerOrder": "ZYX",
          "translation": [
            -2.1158708118917957e-10,
            1.0023635737321004,
            8.400643375372496e-11
          ],
          "preRotation": [
            66.18000816370032,
            -0.18533004151585886,
            7.979677990750763e-8
          ],
          "parentMatrixWorld": {
            "elements": [
              0.9862898180996734,
              0.026255805617552187,
              0.16292030609415828,
              0,
              0.04390950717653393,
              0.9099168943250446,
              -0.412459928249281,
              0,
              -0.15907340646995277,
              0.41395877802416675,
              0.896288888708214,
              0,
              -4.882927395755132e-12,
              1.0604560369311213,
              -3.1722229010267e-11,
              1
            ]
          }
        }
      },
      "children": [
        35
      ]
    },
    {
      "rotation": [
        -0.21218154671555128,
        -0.08267131835944846,
        -0.004532556770078806,
        0.9737165166645446
      ],
      "translation": [
        -4.882927395755132e-12,
        1.0604560369311213,
        -3.1722229010267e-11
      ],
      "scale": [
        1,
        1,
        0.9999999999999999
      ],
      "name": "mixamorigLeftLeg",
      "extras": {
        "transformData": {
          "eulerOrder": "ZYX",
          "translation": [
            -4.882927395755132e-12,
            1.0604560369311213,
            -3.1722229010267e-11
          ],
          "preRotation": [
            0.27277757744057296,
            -8.435921130844994e-12,
            -0.8767174400279261
          ],
          "parentMatrixWorld": {
            "elements": [
              -0.8593152708739031,
              -0.2763548376284814,
              0.43035468100674124,
              0,
              0.33675262362538116,
              -0.9390313254423969,
              0.06940978161540193,
              0,
              0.38493482334870754,
              0.20456796186551585,
              0.8999872912610883,
              0,
              0.15237702429294586,
              -0.10081291198730469,
              -0.01982182264328003,
              1
            ]
          }
        }
      },
      "children": [
        36
      ]
    },
    {
      "rotation": [
        0.21197214634675796,
        0.07123316322194659,
        0.9615526360498146,
        -0.15940559004980456
      ],
      "translation": [
        0.15237702429294586,
        -0.10081291198730469,
        -0.01982182264328003
      ],
      "scale": [
        1,
        0.9999999999999999,
        1
      ],
      "name": "mixamorigLeftUpLeg",
      "extras": {
        "transformData": {
          "eulerOrder": "ZYX",
          "translation": [
            0.15237702429294586,
            -0.10081291198730469,
            -0.01982182264328003
          ],
          "preRotation": [
            0.09051326213989314,
            0.00020783781910371305,
            179.86843696862127
          ],
          "parentMatrixWorld": {
            "elements": [
              0.995244098375341,
              -0.06714306390155428,
              -0.07057615228206758,
              0,
              0.06437003336956981,
              0.9970892492408476,
              -0.04085985363803931,
              0,
              0.07311417854992465,
              0.03612253874291404,
              0.9966691922829743,
              0,
              -0.8310775819942788,
              2.193841588769804,
              0.09713406217388258,
              1
            ]
          }
        }
      },
      "children": [
        37
      ]
    },
    {
      "rotation": [
        2.0443646884728461e-10,
        9.188613378642665e-18,
        -1.73472347165969e-18,
        1
      ],
      "translation": [
        1.0082185086801587e-11,
        0.08626446174045058,
        -4.060359687363402e-12
      ],
      "name": "mixamorigRightToe_End",
      "extras": {
        "transformData": {
          "eulerOrder": "ZYX",
          "translation": [
            1.0082185086801587e-11,
            0.08626446174045058,
            -4.060359687363402e-12
          ],
          "preRotation": [
            2.3426693687014285e-8,
            1.052937532387976e-15,
            -1.9878466688150578e-16
          ],
          "parentMatrixWorld": {
            "elements": [
              0.9995525123471174,
              0.029679543118345333,
              0.003728240758943302,
              0,
              -0.027803079081283526,
              0.8758330112852646,
              0.4818127485508875,
              0,
              0.011034665942848486,
              -0.4817007998673525,
              0.8762662695128115,
              0,
              4.833985989272094e-11,
              0.2367831504025959,
              -2.905619217452582e-10,
              1
            ]
          }
        }
      }
    },
    {
      "rotation": [
        0.24872335613540664,
        0.0018860955261879846,
        0.014838681548823628,
        0.9684590576746006
      ],
      "translation": [
        4.833985989272094e-11,
        0.2367831504025959,
        -2.905619217452582e-10
      ],
      "name": "mixamorigRightToeBase",
      "extras": {
        "transformData": {
          "eulerOrder": "ZYX",
          "translation": [
            4.833985989272094e-11,
            0.2367831504025959,
            -2.905619217452582e-10
          ],
          "preRotation": [
            22.29832209358865,
            9.529215704887665e-8,
            1.5993986202284063
          ],
          "parentMatrixWorld": {
            "elements": [
              0.9904999440944314,
              -0.13740544002759222,
              -0.005441056247300326,
              0,
              0.05158401815564597,
              0.33458791402169447,
              0.9409516285997713,
              0,
              -0.1274713658559463,
              -0.9322932067458541,
              0.33849723534495985,
              0,
              -9.568879022481269e-11,
              1.002344033912896,
              3.6471187181419396e-11,
              1
            ]
          }
        }
      },
      "children": [
        39
      ]
    },
    {
      "rotation": [
        0.5738934558626229,
        -0.03738560746565211,
        -0.05789943270195735,
        0.8160246541450537
      ],
      "translation": [
        -9.568879022481269e-11,
        1.002344033912896,
        3.6471187181419396e-11
      ],
      "scale": [
        1,
        0.9999999999999999,
        0.9999999999999999
      ],
      "name": "mixamorigRightFoot",
      "extras": {
        "transformData": {
          "eulerOrder": "ZYX",
          "translation": [
