{
  "asset": {
    "version": "2.0",
    "generator": "GLTFExporter"
  },
  "scenes": [
    {
      "name": "AuxScene",
      "nodes": [
        45
      ]
    }
  ],
  "scene": 0,
  "nodes": [
    {
      "name": "Object_4",
      "extras": {
        "transformData": {
          "eulerOrder": "ZYX",
          "parentMatrixWorld": {
            "elements": [
              1,
              0,
              0,
              0,
              0,
              1,
              0,
              0,
              0,
              0,
              1,
              0,
              0.004591464996337891,
              -2.085320441488875,
              0.12594148516654968,
              1
            ]
          }
        }
      },
      "mesh": 0,
      "skin": 0
    },
    {
      "name": "Object_6",
      "extras": {
        "transformData": {
          "eulerOrder": "ZYX",
          "parentMatrixWorld": {
            "elements": [
              1,
              0,
              0,
              0,
              0,
              1,
              0,
              0,
              0,
              0,
              1,
              0,
              0.004591464996337891,
              -2.085320441488875,
              0.12594148516654968,
              1
            ]
          }
        }
      },
      "mesh": 1,
      "skin": 1
    },
    {
      "name": "mixamorigSpine1"
    },
    {
      "name": "mixamorigSpine2"
    },
    {
      "name": "mixamorigNeck"
    },
    {
      "name": "mixamorigHead"
    },
    {
      "translation": [
        0,
        0.7185776233673096,
        0.06426037847995758
      ],
      "name": "mixamorigHeadTop_End",
      "extras": {
        "transformData": {
          "eulerOrder": "ZYX",
          "translation": [
            0,
            0.7185776233673096,
            0.06426037847995758
          ],
          "parentMatrixWorld": {
            "elements": [
              0.838340975414259,
              0.07828287123942804,
              0.5394962584171604,
              0,
              0.15417684859670752,
              0.9151856024132403,
              -0.3723772532004083,
              0,
              -0.5228899694318033,
              0.39535694178147957,
              0.755168184165319,
              0,
              0,
              0.264695405960083,
              0.023670971393585205,
              1
            ]
          }
        }
      }
    },
    {
      "rotation": [
        -0.20493120116010877,
        -0.2835826347088544,
        -0.02025837072557685,
        0.9365755319782565
      ],
      "translation": [
        0,
        0.264695405960083,
        0.023670971393585205
      ],
      "name": "mixamorigHead",
      "extras": {
        "transformData": {
          "eulerOrder": "ZYX",
          "translation": [
            0,
            0.264695405960083,
            0.023670971393585205
          ],
          "parentMatrixWorld": {
            "elements": [
              0.963439541312976,
              0.18498512425613542,
              0.19381629145457327,
              0,
              -0.16900445244824644,
              0.9809171956872578,
              -0.09611946042538756,
              0,
              -0.20789840326931416,
              0.059849473044809406,
              0.976317722367595,
              0,
              0,
              0.2727449228220902,
              5.075488571093523e-9,
              1
            ]
          }
        }
      },
      "children": [
        5,
        6
      ]
    },
    {
      "rotation": [
        -0.039384715493841004,
        -0.1014395534378563,
        0.08938817786396755,
        0.9900346588423842
      ],
      "translation": [
        0,
        0.2727449228220902,
        5.075488571093523e-9
      ],
      "name": "mixamorigNeck",
      "extras": {
        "transformData": {
          "eulerOrder": "ZYX",
          "translation": [
            0,
            0.2727449228220902,
            5.075488571093523e-9
          ],
          "preRotation": [
            3.239587967065442,
            0,
            0
          ],
          "parentMatrixWorld": {
            "elements": [
              0.9902710757775721,
              -0.08801602459013201,
              -0.10777929579890597,
              0,
              0.09510674182735863,
              0.9935024755577438,
              0.06251031269544,
              0,
              0.1015770881968121,
              -0.07215269190852697,
              0.9922076822781924,
              0,
              0,
              0.24243998876066097,
              6.69504590655734e-11,
              1
            ]
          }
        }
      },
      "children": [
        4,
        7
      ]
    },
    {
      "name": "mixamorigLeftShoulder"
    },
    {
      "name": "mixamorigLeftArm"
    },
    {
      "name": "mixamorigLeftForeArm"
    },
    {
      "rotation": [
        2.775557561562892e-17,
        1.3877787807814457e-17,
        2.0816681711721685e-17,
        1
      ],
      "translation": [
        -0.0006972149113264603,
        0.022145113782010784,
        -0.012320952301547727
      ],
      "name": "mixamorigLeftHandIndex4",
      "extras": {
        "transformData": {
          "eulerOrder": "ZYX",
          "translation": [
            -0.0006972149113264603,
            0.022145113782010784,
            -0.012320952301547727
          ],
          "preRotation": [
            3.1805546814635176e-15,
            1.5902773407317584e-15,
            2.3854160110976376e-15
          ],
          "parentMatrixWorld": {
            "elements": [
              0.40910203784247834,
              0.7992494675030652,
              -0.4402678804281477,
              0,
              -0.7519769897770576,
              0.5686083810705234,
              0.33348929866394883,
              0,
              0.5168811514134193,
              0.1946401658795125,
              0.8336360595551464,
              0,
              0.0016262683973866654,
              0.0463913071708828,
              -0.029241920877924432,
              1
            ]
          }
        }
      }
    },
    {
      "rotation": [
        0.04140530526638031,
        0.28542524576187134,
        0.46258124709129333,
        0.8383535146713257
      ],
      "translation": [
        0.0016262683973866654,
        0.0463913071708828,
        -0.029241920877924432
      ],
      "name": "mixamorigLeftHandIndex3",
      "extras": {
        "transformData": {
          "eulerOrder": "ZYX",
          "translation": [
            0.0016262683973866654,
            0.0463913071708828,
            -0.029241920877924432
          ],
          "preRotation": [
            3.1805546814635176e-15,
            1.5902773407317584e-15,
            2.3854160110976376e-15
          ],
          "parentMatrixWorld": {
            "elements": [
              0.35491505638740817,
              0.9348185916218341,
              -0.012228702530137525,
              0,
              -0.7659900717545582,
              0.2982667307618314,
              0.5694701118223069,
              0,
              0.5359986477416214,
              -0.19274646311575871,
              0.8219210795272036,
              0,
              -5.861400254048021e-10,
              0.039060768246958366,
              -1.503265512070584e-9,
              1
            ]
          }
        }
      },
      "children": [
        12
      ]
    },
    {
      "rotation": [
        0.24224328994750977,
        0.17423446476459503,
        0.5405412316322327,
        0.7866230010986328
      ],
      "translation": [
        -5.861400254048021e-10,
        0.039060768246958366,
        -1.503265512070584e-9
      ],
      "name": "mixamorigLeftHandIndex2",
      "extras": {
        "transformData": {
          "eulerOrder": "ZYX",
          "translation": [
            -5.861400254048021e-10,
            0.039060768246958366,
            -1.503265512070584e-9
          ],
          "preRotation": [
            3.1805545785874372e-15,
            1.5902773533281627e-15,
            6.758678751644692e-15
          ],
          "parentMatrixWorld": {
            "elements": [
              -0.04262033369455941,
              0.9868954984635429,
              -0.15563020682763626,
              0,
              -0.10485494405884666,
              0.150493089327707,
              0.9830347164103621,
              0,
              0.9935738155120806,
              0.05821587475920964,
              0.0970668165551114,
              0,
              1.0302576569642952e-9,
              0.11543435776929489,
              -2.5336681641618952e-9,
              1
            ]
          }
        }
      },
      "children": [
        13
      ]
    },
    {
      "rotation": [
        0.4212540090084076,
        0.5234612226486206,
        0.4972911775112152,
        0.5488486886024475
      ],
      "translation": [
        1.0302576569642952e-9,
        0.11543435776929489,
        -2.5336681641618952e-9
      ],
      "scale": [
        0.9999999999999999,
        1,
        1
      ],
      "name": "mixamorigLeftHandIndex1",
      "extras": {
        "transformData": {
          "eulerOrder": "ZYX",
          "translation": [
            1.0302576569642952e-9,
            0.11543435776929489,
            -2.5336681641618952e-9
          ],
          "preRotation": [
            44.79929875666939,
            84.18777755928252,
            0.000010206918528786827
          ],
          "parentMatrixWorld": {
            "elements": [
              0.9243133136091415,
              0.37913895793555324,
              0.04357228593979039,
              0,
              -0.37656006637809314,
              0.8875026576510056,
              0.2655965775363724,
              0,
              0.06202749338641858,
              -0.2619020354354866,
              0.9630991182526297,
              0,
              1.0665784921926047e-10,
              0.541627053124377,
              -3.595283626367518e-9,
              1
            ]
          }
        }
      },
      "children": [
        14
      ]
    },
    {
      "rotation": [
        0.1357493441102997,
        0.004749362831846816,
        0.1944756713527959,
        0.9714570196067639
      ],
      "translation": [
        1.0665784921926047e-10,
        0.541627053124377,
        -3.595283626367518e-9
      ],
      "scale": [
        0.9999999999999999,
        1,
        0.9999999999999999
      ],
      "name": "mixamorigLeftHand",
      "extras": {
        "transformData": {
          "eulerOrder": "ZYX",
          "translation": [
            1.0665784921926047e-10,
            0.541627053124377,
            -3.595283626367518e-9
          ],
          "preRotation": [
            -0.5096102651609162,
            -7.045573302231528e-7,
            11.291205802577403
          ],
          "parentMatrixWorld": {
            "elements": [
              0.5370709532457069,
              0.835570543516239,
              0.11565752725618908,
              0,
              -0.8369027669064313,
              0.544976923400056,
              -0.050930513771461676,
              0,
              -0.10558672050688364,
              -0.06944080426264088,
              0.9919825700350525,
              0,
              -1.408726468810073e-10,
              0.4242826973703657,
              4.444044465756747e-9,
              1
            ]
          }
        }
      },
      "children": [
        15
      ]
    },
    {
      "rotation": [
        0.0052787264230624315,
        -0.06309397776193963,
        0.4769524854189591,
        0.87664566259339
      ],
      "translation": [
        -1.408726468810073e-10,
        0.4242826973703657,
        4.444044465756747e-9
      ],
      "scale": [
        0.9999999999999999,
        0.9999999999999999,
        0.9999999999999999
      ],
      "name": "mixamorigLeftForeArm",
      "extras": {
        "transformData": {
          "eulerOrder": "ZYX",
          "translation": [
            -1.408726468810073e-10,
            0.4242826973703657,
            4.444044465756747e-9
          ],
          "preRotation": [
            1.0231703317036729,
            7.778175853341775e-8,
            0.7527486528673857
          ],
          "parentMatrixWorld": {
            "elements": [
              0.9777240178096133,
              -0.008868560001232276,
              -0.2097071616198874,
              0,
              0.1299606384558996,
              0.8101336868392722,
              0.5716586759948206,
              0,
              0.16482104672431852,
              -0.5861780941245764,
              0.793239726980206,
              0,
              1.085815604096041e-10,
              0.243764080939879,
              2.0561041758071497e-9,
              1
            ]
          }
        }
      },
      "children": [
        11,
        16
      ]
    },
    {
      "rotation": [
        0.3059209881612142,
        0.09895698819367554,
        -0.03668113388146715,
        0.9461893878863586
      ],
      "translation": [
        1.085815604096041e-10,
        0.243764080939879,
        2.0561041758071497e-9
      ],
      "name": "mixamorigLeftArm",
      "extras": {
        "transformData": {
          "eulerOrder": "ZYX",
          "translation": [
            1.085815604096041e-10,
            0.243764080939879,
            2.0561041758071497e-9
          ],
          "preRotation": [
            38.198460890288324,
            4.924015400717463,
            -3.538604090985007e-8
          ],
          "parentMatrixWorld": {
            "elements": [
              -0.13097618564748845,
              0.03152856148836341,
              -0.9908840202894661,
              0,
              0.8677527579154091,
              -0.4797024466678103,
              -0.12996404263988984,
              0,
              -0.4794270987175653,
              -0.8768645568499027,
              0.035470634685597746,
              0,
              0.11679063737392426,
              0.23373260988805633,
              -0.0018647154098064694,
              1
            ]
          }
        }
      },
      "children": [
        10,
        17
      ]
    },
    {
      "rotation": [
        -0.5729868293282848,
        -0.3923656153048074,
        0.6415117432675914,
        -0.3258803152096916
      ],
      "translation": [
        0.11679063737392426,
        0.23373260988805633,
        -0.0018647154098064694
      ],
      "scale": [
        0.9999999999999999,
        0.9999999999999999,
        1
      ],
      "name": "mixamorigLeftShoulder",
      "extras": {
        "transformData": {
          "eulerOrder": "ZYX",
          "translation": [
            0.11679063737392426,
            0.23373260988805633,
            -0.0018647154098064694
          ],
          "preRotation": [
            -71.55613444229856,
            89.0809332243302,
            179.864792316907
          ],
          "parentMatrixWorld": {
            "elements": [
              0.9902710757775721,
              -0.08801602459013201,
              -0.10777929579890597,
              0,
              0.09510674182735863,
              0.9935024755577438,
              0.06251031269544,
              0,
              0.1015770881968121,
              -0.07215269190852697,
              0.9922076822781924,
              0,
              0,
              0.24243998876066097,
              6.69504590655734e-11,
              1
            ]
          }
        }
      },
      "children": [
        9,
        18
      ]
    },
    {
      "name": "mixamorigRightShoulder"
    },
    {
      "name": "mixamorigRightArm"
    },
    {
      "name": "mixamorigRightForeArm"
    },
    {
      "rotation": [
        5.741114409416052e-34,
        1.6046192152785466e-17,
        -3.5778671692021646e-17,
        1
      ],
      "translation": [
        0.0006069866686029268,
        0.026807732521264227,
        -0.011773228998998908
      ],
      "name": "mixamorigRightHandIndex4",
      "extras": {
        "transformData": {
          "eulerOrder": "ZYX",
          "translation": [
            0.0006069866686029268,
            0.026807732521264227,
            -0.011773228998998908
          ],
          "preRotation": [
            0,
            1.8387581752210955e-15,
            -4.099933769074065e-15
          ],
          "parentMatrixWorld": {
            "elements": [
              0.5284415620970182,
              -0.7547446896889282,
              0.3887287025684224,
              0,
              0.7641293097379306,
              0.6223668628934953,
              0.16960517177575318,
              0,
              -0.36994046658023116,
              0.2074125591183249,
              0.905607027681226,
              0,
              -0.00022693846534971307,
              0.05274556083139448,
              -0.026087083237086195,
              1
            ]
          }
        }
      }
    },
    {
      "rotation": [
        -0.010812857188284397,
        -0.2169782668352127,
        -0.4343957304954529,
        0.874130368232727
      ],
      "translation": [
        -0.00022693846534971307,
        0.05274556083139448,
        -0.026087083237086195
      ],
      "name": "mixamorigRightHandIndex3",
      "extras": {
        "transformData": {
          "eulerOrder": "ZYX",
          "translation": [
            -0.00022693846534971307,
            0.05274556083139448,
            -0.026087083237086195
          ],
          "preRotation": [
            0,
            1.8387581752210955e-15,
            -4.099933769074065e-15
          ],
          "parentMatrixWorld": {
            "elements": [
              0.3943208704065313,
              -0.9160375135998766,
              0.07339197434788325,
              0,
              0.8252282739970962,
              0.38810612558962587,
              0.4103315594981005,
              0,
              -0.40436296073787226,
              -0.10123717993961279,
              0.90897834845283,
              0,
              -2.026902867768854e-9,
              0.038530703090649876,
              7.490733588966236e-10,
              1
            ]
          }
        }
      },
      "children": [
        23
      ]
    },
    {
      "rotation": [
        0.15591375529766083,
        -0.14560812711715698,
        -0.5306956171989441,
        0.8202751874923706
      ],
      "translation": [
        -2.026902867768854e-9,
        0.038530703090649876,
        7.490733588966236e-10
      ],
      "name": "mixamorigRightHandIndex2",
      "extras": {
        "transformData": {
          "eulerOrder": "ZYX",
          "translation": [
            -2.026902867768854e-9,
            0.038530703090649876,
            7.490733588966236e-10
          ],
          "preRotation": [
            6.361109591017356e-15,
            -2.335719884071372e-15,
            -3.7272125809649554e-16
          ],
          "parentMatrixWorld": {
            "elements": [
              0.04313289434814749,
              -0.8772617838456043,
              0.47807034052392083,
              0,
              -0.020246454965580085,
              0.4776499087654642,
              0.878316918850679,
              0,
              -0.9988641393833076,
              -0.04756355203358708,
              0.0028409983597939,
              0,
              -6.257463713854605e-10,
              0.1063774689477246,
              -1.849942199427801e-9,
              1
            ]
          }
        }
      },
      "children": [
        24
      ]
    },
    {
      "rotation": [
        -0.37504732608795166,
        0.5982633233070374,
        0.34715205430984497,
        -0.6171757578849792
      ],
      "translation": [
        -6.257463713854605e-10,
        0.1063774689477246,
        -1.849942199427801e-9
      ],
      "scale": [
        1,
        1,
        0.9999999999999999
      ],
      "name": "mixamorigRightHandIndex1",
      "extras": {
        "transformData": {
          "eulerOrder": "ZYX",
          "translation": [
            -6.257463713854605e-10,
            0.1063774689477246,
            -1.849942199427801e-9
          ],
          "preRotation": [
            -138.67493721663755,
            -89.90893578639042,
            -179.99740639968715
          ],
          "parentMatrixWorld": {
            "elements": [
              0.5423809043797136,
              0.8307457161040956,
              0.12523787663806318,
              0,
              -0.8383812300765052,
              0.52558199301098,
              0.1445008590682116,
              0,
              0.05422069370197365,
              -0.18337159101327186,
              0.9815472360661761,
              0,
              2.772226892489016e-11,
              0.5416282986980514,
              1.7152904874251362e-8,
              1
            ]
          }
        }
      },
      "children": [
        25
      ]
    },
    {
      "rotation": [
        0.09387714751545984,
        -0.020333793086204123,
        0.47790802950868133,
        0.8731423428355898
      ],
      "translation": [
        2.772226892489016e-11,
        0.5416282986980514,
        1.7152904874251362e-8
      ],
      "name": "mixamorigRightHand",
      "extras": {
        "transformData": {
          "eulerOrder": "ZYX",
          "translation": [
            2.772226892489016e-11,
            0.5416282986980514,
            1.7152904874251362e-8
          ],
          "preRotation": [
            0.13855797423351923,
            5.624557634666681e-7,
            -11.73761487886808
          ],
          "parentMatrixWorld": {
            "elements": [
              0.3148848986476573,
              -0.8321307133852399,
              0.4565150157461633,
              0,
              0.35758894941355157,
              0.5495508411903718,
              0.7550655634647901,
              0,
              -0.8791914620934741,
              -0.07451401018640735,
              0.47060601595520346,
              0,
              1.0824301177603246e-10,
              0.42424745705134814,
              -3.820698868395311e-9,
              1
            ]
          }
        }
      },
      "children": [
        26
      ]
    },
    {
      "rotation": [
        0.27144430437111866,
        -0.43705260741343,
        -0.3892846889222508,
        0.7640421628786473
      ],
      "translation": [
        1.0824301177603246e-10,
        0.42424745705134814,
        -3.820698868395311e-9
      ],
      "scale": [
        0.9999999999999999,
        1,
        1
      ],
      "name": "mixamorigRightForeArm",
      "extras": {
        "transformData": {
          "eulerOrder": "ZYX",
          "translation": [
            1.0824301177603246e-10,
            0.42424745705134814,
            -3.820698868395311e-9
          ],
          "preRotation": [
            1.0393175346689842,
            5.344855778329399e-9,
            -0.23838686275619014
          ],
          "parentMatrixWorld": {
            "elements": [
              0.4638357180769883,
              -0.5626821408098326,
              -0.6842844575930865,
              0,
              0.8448485656545419,
              0.5133984940859718,
              0.15050871313004913,
              0,
              0.26662203885137514,
              -0.6479280670184491,
              0.7135137698328913,
              0,
              -1.2112941205622008e-10,
              0.24376408093983493,
              2.055370984521687e-9,
              1
            ]
          }
        }
      },
      "children": [
        22,
        27
      ]
    },
    {
      "rotation": [
        0.2433739171306804,
        0.2898486700746151,
        -0.4290336693285071,
        0.8201749694070287
      ],
      "translation": [
        -1.2112941205622008e-10,
        0.24376408093983493,
        2.055370984521687e-9
      ],
      "name": "mixamorigRightArm",
      "extras": {
        "transformData": {
          "eulerOrder": "ZYX",
          "translation": [
            -1.2112941205622008e-10,
            0.24376408093983493,
            2.055370984521687e-9
          ],
          "preRotation": [
            38.186772199025484,
            -3.908021873344248,
            2.9569307131033936e-8
          ],
          "parentMatrixWorld": {
            "elements": [
              0.5759651223339421,
              -0.047190249035578224,
              0.8161110552539941,
              0,
              -0.816401655497825,
              -0.08432982704925829,
              0.5712939765118399,
              0,
              0.041863002905170366,
              -0.9953198235211937,
              -0.08709723472953135,
              0,
              -0.11679063737392426,
              0.23377136557807177,
              -0.0025494230580569988,
              1
            ]
          }
        }
      },
      "children": [
        21,
        28
      ]
    },
    {
      "rotation": [
        -0.6609448131487098,
        0.3266505339603515,
        -0.32452560376100714,
        -0.592566039125778
      ],
      "translation": [
        -0.11679063737392426,
        0.23377136557807177,
        -0.0025494230580569988
      ],
      "name": "mixamorigRightShoulder",
      "extras": {
        "transformData": {
          "eulerOrder": "ZYX",
          "translation": [
            -0.11679063737392426,
            0.23377136557807177,
            -0.0025494230580569988
          ],
          "preRotation": [
            -71.61117442662785,
            -88.74196788375723,
            -179.8289443026993
          ],
          "parentMatrixWorld": {
            "elements": [
              0.9902710757775721,
              -0.08801602459013201,
              -0.10777929579890597,
              0,
              0.09510674182735863,
              0.9935024755577438,
              0.06251031269544,
              0,
              0.1015770881968121,
              -0.07215269190852697,
              0.9922076822781924,
              0,
              0,
              0.24243998876066097,
              6.69504590655734e-11,
              1
            ]
          }
        }
      },
      "children": [
        20,
        29
      ]
    },
    {
      "rotation": [
        0.033767284246870734,
        0.052496946344476395,
        -0.04591876234960053,
        0.9969931518585655
      ],
      "translation": [
        0,
        0.24243998876066097,
        6.69504590655734e-11
      ],
      "name": "mixamorigSpine2",
      "extras": {
        "transformData": {
          "eulerOrder": "ZYX",
          "translation": [
            0,
            0.24243998876066097,
            6.69504590655734e-11
          ],
          "preRotation": [
            -3.975693285497329e-16,
            0,
            0
          ],
          "parentMatrixWorld": {
            "elements": [
              0.9906060157435007,
              -0.08409801361736063,
              -0.1078297092032484,
              0,
              0.09123939842450257,
              0.9938282696404127,
              0.06309312936229397,
              0,
              0.10185820662262694,
              -0.07233875104815199,
              0.9921653144836667,
              0,
              0,
              0.21213504987435394,
              -9.559043834261871e-11,
              1
            ]
          }
        }
      },
      "children": [
        3,
        8,
        19,
        30
      ]
    },
    {
      "rotation": [
        0.03395744255469382,
        0.05257599122519035,
        -0.04396313540841166,
        0.9970706730366365
      ],
      "translation": [
        0,
        0.21213504987435394,
        -9.559043834261871e-11
      ],
      "name": "mixamorigSpine1",
      "extras": {
        "transformData": {
          "eulerOrder": "ZYX",
          "translation": [
            0,
            0.21213504987435394,
            -9.559043834261871e-11
          ],
          "preRotation": [
            -0.0000017048185891978688,
            0,
            0
          ],
          "parentMatrixWorld": {
            "elements": [
              0.8877792071102812,
              -0.26699334087742177,
              -0.37491684252851737,
              0,
              0.35014157644762256,
              0.9204672815645543,
              0.17361123945576734,
              0,
              0.29874564319369407,
              -0.28540242106490077,
              0.9106571810945855,
              0,
              0,
              0.18153929710388184,
              -0.010275457054376602,
              1
            ]
          }
        }
      },
      "children": [
        2,
        31
      ]
    },
    {
      "rotation": [
        0.11901128565302276,
        0.17466460242396528,
        -0.160008353234878,
        0.9642229684395685
      ],
      "translation": [
        0,
        0.18153929710388184,
        -0.010275457054376602
      ],
      "name": "mixamorigSpine",
      "extras": {
        "transformData": {
          "eulerOrder": "ZYX",
          "translation": [
            0,
            0.18153929710388184,
            -0.010275457054376602
          ],
          "preRotation": [
            -3.2395862622468528,
            0,
            0
          ],
          "parentMatrixWorld": {
            "elements": [
              0.9217806351057026,
              0.10479545411551364,
              -0.3732805479732472,
              0,
              0.13359983042420231,
              0.8179595109231094,
              0.5595474150873936,
              0,
              0.36396639956060345,
              -0.5656501897967354,
              0.7399785825796082,
              0,
              0.06932481586459535,
              1.661416474116256,
              1.1291198994751628,
              1
            ]
          }
        }
      },
      "children": [
        32
      ]
    },
    {
      "rotation": [
        -9.261640870089069e-11,
        2.1724701076903572e-16,
        -1.7347234595060626e-18,
        1
      ],
      "translation": [
        -2.4584861924026313e-11,
        0.08630067234648806,
        -2.05267920716512e-12
      ],
      "name": "mixamorigLeftToe_End",
      "extras": {
        "transformData": {
          "eulerOrder": "ZYX",
          "translation": [
            -2.4584861924026313e-11,
            0.08630067234648806,
            -2.05267920716512e-12
          ],
          "preRotation": [
            -1.0613058664439505e-8,
            2.4894673657779372e-14,
            -1.9878466800971677e-16
          ],
          "parentMatrixWorld": {
            "elements": [
              0.9875303783646036,
              0.011287649893103647,
              0.15702337505037994,
              0,
              -0.07278215631598073,
              0.9171666377484432,
              0.39180111447321136,
              0,
              -0.13959408681716323,
              -0.39834400276688625,
              0.9065514563318852,
              0,
              -4.6071979564743515e-11,
              0.23192231323808085,
              8.408380935964743e-11,
              1
            ]
          }
        }
      }
    },
    {
      "rotation": [
        0.20236865140398796,
        -0.0759684195109298,
        0.021531605948223977,
        0.9761209453122425
      ],
      "translation": [
        -4.6071979564743515e-11,
        0.23192231323808085,
        8.408380935964743e-11
      ],
      "name": "mixamorigLeftToeBase",
      "extras": {
        "transformData": {
          "eulerOrder": "ZYX",
          "translation": [
            -4.6071979564743515e-11,
            0.23192231323808085,
            8.408380935964743e-11
          ],
          "preRotation": [
            22.807702605186723,
            -2.0695564918940677e-7,
            -1.610177376056371
          ],
          "parentMatrixWorld": {
            "elements": [
              0.9825968577515789,
              0.1840658269652886,
              -0.024963733288039438,
              0,
              0.005361242405216446,
              0.10623459145430503,
              0.994326679547934,
              0,
              0.1856735676286866,
              -0.9771561082675233,
              0.10339895360311324,
              0,
              -2.1158708118917957e-10,
              1.0023635737321004,
              8.400643375372496e-11,
              1
            ]
          }
        }
      },
      "children": [
        34
      ]
    },
    {
      "rotation": [
        0.6657633424675319,
        0.07113153326692176,
        0.06034795853471186,
        0.7403091541915298
      ],
      "translation": [
        -2.1158708118917957e-10,
        1.0023635737321004,
        8.400643375372496e-11
      ],
      "scale": [
        0.9999999999999999,
        1,
        1
      ],
      "name": "mixamorigLeftFoot",
      "extras": {
        "transformData": {
          "eulerOrder": "ZYX",
          "translation": [
            -2.1158708118917957e-10,
            1.0023635737321004,
            8.400643375372496e-11
          ],
          "preRotation": [
            66.18000816370032,
            -0.18533004151585886,
            7.979677990750763e-8
          ],
          "parentMatrixWorld": {
            "elements": [
              0.8373731112637008,
              -0.5334113935440825,
              -0.11949290965737192,
              0,
              0.0033792618290662824,
              0.22364580100308906,
              -0.9746646219332755,
              0,
              0.5466213047535884,
              0.8157541479491256,
              0.1890775178785031,
              0,
              -4.882927395755132e-12,
              1.0604560369311213,
              -3.1722229010267e-11,
              1
            ]
          }
        }
      },
      "children": [
        35
      ]
    },
    {
      "rotation": [
        -0.5967934718941948,
        0.2220333149894882,
        -0.1789263854296742,
        0.7500160667808978
      ],
      "translation": [
        -4.882927395755132e-12,
        1.0604560369311213,
        -3.1722229010267e-11
      ],
      "scale": [
        1,
        1,
        0.9999999999999999
      ],
      "name": "mixamorigLeftLeg",
      "extras": {
        "transformData": {
          "eulerOrder": "ZYX",
          "translation": [
            -4.882927395755132e-12,
            1.0604560369311213,
            -3.1722229010267e-11
          ],
          "preRotation": [
            0.27277757744057296,
            -8.435921130844994e-12,
            -0.8767174400279261
          ],
          "parentMatrixWorld": {
            "elements": [
              -0.9981413803113837,
              0.05783408012195461,
              0.019211028144080967,
              0,
              0.022312494615215048,
              0.053467853086409105,
              0.9983202739919661,
              0,
              0.056709761152303716,
              0.9968933925228894,
              -0.054658927430851545,
              0,
              0.15237702429294586,
              -0.10081291198730469,
              -0.01982182264328003,
              1
            ]
          }
        }
      },
      "children": [
        36
      ]
    },
    {
      "rotation": [
        0.027612017460965886,
        0.7256493920669685,
        0.6873890091851417,
        0.012919025847113944
      ],
      "translation": [
        0.15237702429294586,
        -0.10081291198730469,
        -0.01982182264328003
      ],
      "scale": [
        1,
        0.9999999999999999,
        1
      ],
      "name": "mixamorigLeftUpLeg",
      "extras": {
        "transformData": {
          "eulerOrder": "ZYX",
          "translation": [
            0.15237702429294586,
            -0.10081291198730469,
            -0.01982182264328003
          ],
          "preRotation": [
            0.09051326213989314,
            0.00020783781910371305,
            179.86843696862127
          ],
          "parentMatrixWorld": {
            "elements": [
              0.9217806351057026,
              0.10479545411551364,
              -0.3732805479732472,
              0,
              0.13359983042420231,
              0.8179595109231094,
              0.5595474150873936,
              0,
              0.36396639956060345,
              -0.5656501897967354,
              0.7399785825796082,
              0,
              0.06932481586459535,
              1.661416474116256,
              1.1291198994751628,
              1
            ]
          }
        }
      },
      "children": [
        37
      ]
    },
    {
      "rotation": [
        2.0443646884728461e-10,
        9.188613378642665e-18,
        -1.73472347165969e-18,
        1
      ],
      "translation": [
        1.0082185086801587e-11,
        0.08626446174045058,
        -4.060359687363402e-12
      ],
      "name": "mixamorigRightToe_End",
      "extras": {
        "transformData": {
          "eulerOrder": "ZYX",
          "translation": [
            1.0082185086801587e-11,
            0.08626446174045058,
            -4.060359687363402e-12
          ],
          "preRotation": [
            2.3426693687014285e-8,
            1.052937532387976e-15,
            -1.9878466688150578e-16
          ],
          "parentMatrixWorld": {
            "elements": [
              0.790136090950266,
              0.335394363442999,
              -0.51302589453727,
              0,
              0.42331475219642634,
              0.30671518933706665,
              0.8524848263950681,
              0,
              0.4432714383625215,
              -0.890750458676063,
              0.10036935897509713,
              0,
              4.833985989272094e-11,
              0.2367831504025959,
              -2.905619217452582e-10,
              1
            ]
          }
        }
      }
    },
    {
      "rotation": [
        0.5880160590149945,
        0.3225715964757682,
        -0.02965669691555555,
        0.7411512229747955
      ],
      "translation": [
        4.833985989272094e-11,
        0.2367831504025959,
        -2.905619217452582e-10
      ],
      "name": "mixamorigRightToeBase",
      "extras": {
        "transformData": {
          "eulerOrder": "ZYX",
          "translation": [
            4.833985989272094e-11,
            0.2367831504025959,
            -2.905619217452582e-10
          ],
          "preRotation": [
            22.29832209358865,
            9.529215704887665e-8,
            1.5993986202284063
          ],
          "parentMatrixWorld": {
            "elements": [
              0.9955905029646783,
              0.09343613358193441,
              -0.0083210196381319,
              0,
              -0.04461114681534165,
              0.5496366871001456,
              0.8342118195147965,
              0,
              0.08251906450256992,
              -0.8301621547502791,
              0.551381358816984,
              0,
              -9.568879022481269e-11,
              1.002344033912896,
              3.6471187181419396e-11,
              1
            ]
          }
        }
      },
      "children": [
        39
      ]
    },
    {
      "rotation": [
        0.4729092029786343,
        0.02581097304676402,
        0.0392242550985999,
        0.879859158894541
      ],
      "translation": [
        -9.568879022481269e-11,
        1.002344033912896,
        3.6471187181419396e-11
      ],
      "scale": [
        1,
        0.9999999999999999,
        0.9999999999999999
      ],
      "name": "mixamorigRightFoot",
      "extras": {
        "transformData": {
          "eulerOrder": "ZYX",
          "translation": [
            -9.568879022481269e-11,
            1.002344033912896,
            3.6471187181419396e-11
          ],
          "preRotation": [
            67.11927036020255,
