{
  "asset": {
    "version": "2.0",
    "generator": "GLTFExporter"
  },
  "scenes": [
    {
      "name": "AuxScene",
      "nodes": [
        45
      ]
    }
  ],
  "scene": 0,
  "nodes": [
    {
      "name": "Object_4",
      "extras": {
        "transformData": {
          "eulerOrder": "ZYX",
          "parentMatrixWorld": {
            "elements": [
              1,
              0,
              0,
              0,
              0,
              1,
              0,
              0,
              0,
              0,
              1,
              0,
              0.004591464996337891,
              -2.085320441488875,
              0.12594148516654968,
              1
            ]
          }
        }
      },
      "mesh": 0,
      "skin": 0
    },
    {
      "name": "Object_6",
      "extras": {
        "transformData": {
          "eulerOrder": "ZYX",
          "parentMatrixWorld": {
            "elements": [
              1,
              0,
              0,
              0,
              0,
              1,
              0,
              0,
              0,
              0,
              1,
              0,
              0.004591464996337891,
              -2.085320441488875,
              0.12594148516654968,
              1
            ]
          }
        }
      },
      "mesh": 1,
      "skin": 1
    },
    {
      "name": "mixamorigSpine1"
    },
    {
      "name": "mixamorigSpine2"
    },
    {
      "name": "mixamorigNeck"
    },
    {
      "name": "mixamorigHead"
    },
    {
      "translation": [
        0,
        0.7185776233673096,
        0.06426037847995758
      ],
      "name": "mixamorigHeadTop_End",
      "extras": {
        "transformData": {
          "eulerOrder": "ZYX",
          "translation": [
            0,
            0.7185776233673096,
            0.06426037847995758
          ],
          "parentMatrixWorld": {
            "elements": [
              0.8904534601153811,
              -0.06284137973792585,
              -0.4507145434310203,
              0,
              0.056074670416434894,
              0.9980235271996148,
              -0.02836671558799926,
              0,
              0.45160632192794586,
              -0.000014428999988706781,
              0.8922173126724514,
              0,
              0,
              0.264695405960083,
              0.023670971393585205,
              1
            ]
          }
        }
      }
    },
    {
      "rotation": [
        -0.0072907517327576235,
        0.23203057687069087,
        -0.030579099714737806,
        0.9722003857511242
      ],
      "translation": [
        0,
        0.264695405960083,
        0.023670971393585205
      ],
      "name": "mixamorigHead",
      "extras": {
        "transformData": {
          "eulerOrder": "ZYX",
          "translation": [
            0,
            0.264695405960083,
            0.023670971393585205
          ],
          "parentMatrixWorld": {
            "elements": [
              0.8825673580768794,
              0.06951460865050732,
              -0.4650189104206838,
              0,
              -0.17906199598774822,
              0.9641749881633335,
              -0.19571253578410555,
              0,
              0.4347547233297837,
              0.2559967075068114,
              0.8633967959352965,
              0,
              0,
              0.2727449228220902,
              5.075488571093523e-9,
              1
            ]
          }
        }
      },
      "children": [
        5,
        6
      ]
    },
    {
      "rotation": [
        -0.11725567574562153,
        0.23356521260193994,
        0.0645260600360111,
        0.9630860945931319
      ],
      "translation": [
        0,
        0.2727449228220902,
        5.075488571093523e-9
      ],
      "name": "mixamorigNeck",
      "extras": {
        "transformData": {
          "eulerOrder": "ZYX",
          "translation": [
            0,
            0.2727449228220902,
            5.075488571093523e-9
          ],
          "preRotation": [
            3.239587967065442,
            0,
            0
          ],
          "parentMatrixWorld": {
            "elements": [
              0.9961541446879901,
              -0.08365558856038875,
              -0.026051148215485164,
              0,
              0.08658959299021861,
              0.9853618120325094,
              0.14684802011521633,
              0,
              0.013385148729786567,
              -0.14853902224192014,
              0.9888159566282664,
              0,
              0,
              0.24243998876066097,
              6.69504590655734e-11,
              1
            ]
          }
        }
      },
      "children": [
        4,
        7
      ]
    },
    {
      "name": "mixamorigLeftShoulder"
    },
    {
      "name": "mixamorigLeftArm"
    },
    {
      "name": "mixamorigLeftForeArm"
    },
    {
      "rotation": [
        2.775557561562892e-17,
        1.3877787807814457e-17,
        2.0816681711721685e-17,
        1
      ],
      "translation": [
        -0.0006972149113264603,
        0.022145113782010784,
        -0.012320952301547727
      ],
      "name": "mixamorigLeftHandIndex4",
      "extras": {
        "transformData": {
          "eulerOrder": "ZYX",
          "translation": [
            -0.0006972149113264603,
            0.022145113782010784,
            -0.012320952301547727
          ],
          "preRotation": [
            3.1805546814635176e-15,
            1.5902773407317584e-15,
            2.3854160110976376e-15
          ],
          "parentMatrixWorld": {
            "elements": [
              0.8801509266688199,
              0.41038336084084603,
              -0.23857882035970232,
              0,
              -0.41034468119437884,
              0.9104334422618736,
              0.05223214882744013,
              0,
              0.2386453414478035,
              0.05192737140102761,
              0.9697174597043347,
              0,
              0.0016262683973866654,
              0.0463913071708828,
              -0.029241920877924432,
              1
            ]
          }
        }
      }
    },
    {
      "rotation": [
        0.00007858532238604545,
        0.12304984344638475,
        0.21162058664839362,
        0.9695749064797506
      ],
      "translation": [
        0.0016262683973866654,
        0.0463913071708828,
        -0.029241920877924432
      ],
      "name": "mixamorigLeftHandIndex3",
      "extras": {
        "transformData": {
          "eulerOrder": "ZYX",
          "translation": [
            0.0016262683973866654,
            0.0463913071708828,
            -0.029241920877924432
          ],
          "preRotation": [
            3.1805546814635176e-15,
            1.5902773407317584e-15,
            2.3854160110976376e-15
          ],
          "parentMatrixWorld": {
            "elements": [
              0.8468525662745022,
              0.5311877339647831,
              0.026083044192194454,
              0,
              -0.4498036136787186,
              0.6892126135531587,
              0.5680340556301692,
              0,
              0.2837559568194812,
              -0.4927733459912892,
              0.8225916300488502,
              0,
              -5.861400254048021e-10,
              0.039060768246958366,
              -1.503265512070584e-9,
              1
            ]
          }
        }
      },
      "children": [
        12
      ]
    },
    {
      "rotation": [
        0.28941679403262577,
        0.07030010175989489,
        0.2676408275194525,
        0.9163319332998643
      ],
      "translation": [
        -5.861400254048021e-10,
        0.039060768246958366,
        -1.503265512070584e-9
      ],
      "name": "mixamorigLeftHandIndex2",
      "extras": {
        "transformData": {
          "eulerOrder": "ZYX",
          "translation": [
            -5.861400254048021e-10,
            0.039060768246958366,
            -1.503265512070584e-9
          ],
          "preRotation": [
            3.1805545785874372e-15,
            1.5902773533281627e-15,
            6.758678751644692e-15
          ],
          "parentMatrixWorld": {
            "elements": [
              -0.11915013761124092,
              -0.2004021706033273,
              -0.9724413767710506,
              0,
              -0.02095549419417385,
              0.9797079140686125,
              -0.19933206133021744,
              0,
              0.992655090402492,
              -0.003372451415588812,
              -0.12093185943938889,
              0,
              1.0302576569642952e-9,
              0.11543435776929489,
              -2.5336681641618952e-9,
              1
            ]
          }
        }
      },
      "children": [
        13
      ]
    },
    {
      "rotation": [
        -0.07428628365912454,
        0.7449479698474321,
        -0.06802639947704027,
        0.6594744018082234
      ],
      "translation": [
        1.0302576569642952e-9,
        0.11543435776929489,
        -2.5336681641618952e-9
      ],
      "scale": [
        0.9999999999999999,
        1,
        1
      ],
      "name": "mixamorigLeftHandIndex1",
      "extras": {
        "transformData": {
          "eulerOrder": "ZYX",
          "translation": [
            1.0302576569642952e-9,
            0.11543435776929489,
            -2.5336681641618952e-9
          ],
          "preRotation": [
            44.79929875666939,
            84.18777755928252,
            0.000010206918528786827
          ],
          "parentMatrixWorld": {
            "elements": [
              0.9182596685756143,
              0.07796071304212274,
              -0.3882284242390779,
              0,
              -0.18022579677335254,
              0.9552758403125747,
              -0.23444984899370241,
              0,
              0.35258735703737853,
              0.28525461738195124,
              0.8912418080298518,
              0,
              1.0665784921926047e-10,
              0.541627053124377,
              -3.595283626367518e-9,
              1
            ]
          }
        }
      },
      "children": [
        14
      ]
    },
    {
      "rotation": [
        -0.13392350450274565,
        0.19090204537085798,
        0.06653250923733223,
        0.9701517076955652
      ],
      "translation": [
        1.0665784921926047e-10,
        0.541627053124377,
        -3.595283626367518e-9
      ],
      "scale": [
        0.9999999999999999,
        1,
        0.9999999999999999
      ],
      "name": "mixamorigLeftHand",
      "extras": {
        "transformData": {
          "eulerOrder": "ZYX",
          "translation": [
            1.0665784921926047e-10,
            0.541627053124377,
            -3.595283626367518e-9
          ],
          "preRotation": [
            -0.5096102651609162,
            -7.045573302231528e-7,
            11.291205802577403
          ],
          "parentMatrixWorld": {
            "elements": [
              0.7109651586303182,
              0.7031687146491079,
              0.00907279384182418,
              0,
              -0.7028187905359398,
              0.7109327354317959,
              -0.02490797057571468,
              0,
              -0.02396465144694818,
              0.01133216957705785,
              0.9996485769660665,
              0,
              -1.408726468810073e-10,
              0.4242826973703657,
              4.444044465756747e-9,
              1
            ]
          }
        }
      },
      "children": [
        15
      ]
    },
    {
      "rotation": [
        -0.009795997045420213,
        -0.008930283245946182,
        0.38004956351242936,
        0.9248711485094665
      ],
      "translation": [
        -1.408726468810073e-10,
        0.4242826973703657,
        4.444044465756747e-9
      ],
      "scale": [
        0.9999999999999999,
        0.9999999999999999,
        0.9999999999999999
      ],
      "name": "mixamorigLeftForeArm",
      "extras": {
        "transformData": {
          "eulerOrder": "ZYX",
          "translation": [
            -1.408726468810073e-10,
            0.4242826973703657,
            4.444044465756747e-9
          ],
          "preRotation": [
            1.0231703317036729,
            7.778175853341775e-8,
            0.7527486528673857
          ],
          "parentMatrixWorld": {
            "elements": [
              0.9300166833684493,
              -0.12351055437234232,
              0.34614175497755895,
              0,
              -0.06999772748276775,
              0.865069136654669,
              0.4967451183376764,
              0,
              -0.36078981378020636,
              -0.4862103838912745,
              0.7958832712131232,
              0,
              1.085815604096041e-10,
              0.243764080939879,
              2.0561041758071497e-9,
              1
            ]
          }
        }
      },
      "children": [
        11,
        16
      ]
    },
    {
      "rotation": [
        0.2593570297392463,
        -0.1865269297401158,
        -0.014119589140666754,
        0.947492635168979
      ],
      "translation": [
        1.085815604096041e-10,
        0.243764080939879,
        2.0561041758071497e-9
      ],
      "name": "mixamorigLeftArm",
      "extras": {
        "transformData": {
          "eulerOrder": "ZYX",
          "translation": [
            1.085815604096041e-10,
            0.243764080939879,
            2.0561041758071497e-9
          ],
          "preRotation": [
            38.198460890288324,
            4.924015400717463,
            -3.538604090985007e-8
          ],
          "parentMatrixWorld": {
            "elements": [
              0.19283419823291845,
              -0.1053770549561213,
              -0.9755565935109888,
              0,
              0.9567707212427355,
              -0.2004149861042017,
              0.21076918268383146,
              0,
              -0.2177263829365786,
              -0.9740274830236205,
              0.062174805214333606,
              0,
              0.11679063737392426,
              0.23373260988805633,
              -0.0018647154098064694,
              1
            ]
          }
        }
      },
      "children": [
        10,
        17
      ]
    },
    {
      "rotation": [
        -0.5768609839300077,
        -0.3689769675903044,
        0.517144948995351,
        -0.5134671518412168
      ],
      "translation": [
        0.11679063737392426,
        0.23373260988805633,
        -0.0018647154098064694
      ],
      "scale": [
        0.9999999999999999,
        0.9999999999999999,
        1
      ],
      "name": "mixamorigLeftShoulder",
      "extras": {
        "transformData": {
          "eulerOrder": "ZYX",
          "translation": [
            0.11679063737392426,
            0.23373260988805633,
            -0.0018647154098064694
          ],
          "preRotation": [
            -71.55613444229856,
            89.0809332243302,
            179.864792316907
          ],
          "parentMatrixWorld": {
            "elements": [
              0.9961541446879901,
              -0.08365558856038875,
              -0.026051148215485164,
              0,
              0.08658959299021861,
              0.9853618120325094,
              0.14684802011521633,
              0,
              0.013385148729786567,
              -0.14853902224192014,
              0.9888159566282664,
              0,
              0,
              0.24243998876066097,
              6.69504590655734e-11,
              1
            ]
          }
        }
      },
      "children": [
        9,
        18
      ]
    },
    {
      "name": "mixamorigRightShoulder"
    },
    {
      "name": "mixamorigRightArm"
    },
    {
      "name": "mixamorigRightForeArm"
    },
    {
      "rotation": [
        5.741114409416052e-34,
        1.6046192152785466e-17,
        -3.5778671692021646e-17,
        1
      ],
      "translation": [
        0.0006069866686029268,
        0.026807732521264227,
        -0.011773228998998908
      ],
      "name": "mixamorigRightHandIndex4",
      "extras": {
        "transformData": {
          "eulerOrder": "ZYX",
          "translation": [
            0.0006069866686029268,
            0.026807732521264227,
            -0.011773228998998908
          ],
          "preRotation": [
            0,
            1.8387581752210955e-15,
            -4.099933769074065e-15
          ],
          "parentMatrixWorld": {
            "elements": [
              0.9348848763613569,
              -0.3194502795278862,
              0.1547313489109782,
              0,
              0.32573940591300543,
              0.9453162541592182,
              -0.016462745108545365,
              0,
              -0.1410110309929609,
              0.06579286777928164,
              0.9878194107921777,
              0,
              -0.00022693846534971307,
              0.05274556083139448,
              -0.026087083237086195,
              1
            ]
          }
        }
      }
    },
    {
      "rotation": [
        -0.02091178740543829,
        -0.07518638009254665,
        -0.16402612617476733,
        0.9833642061897077
      ],
      "translation": [
        -0.00022693846534971307,
        0.05274556083139448,
        -0.026087083237086195
      ],
      "name": "mixamorigRightHandIndex3",
      "extras": {
        "transformData": {
          "eulerOrder": "ZYX",
          "translation": [
            -0.00022693846534971307,
            0.05274556083139448,
            -0.026087083237086195
          ],
          "preRotation": [
            0,
            1.8387581752210955e-15,
            -4.099933769074065e-15
          ],
          "parentMatrixWorld": {
            "elements": [
              0.9548358258593456,
              -0.2971072007451123,
              -0.0039825829421276104,
              0,
              0.2675638117126842,
              0.8539065156341588,
              0.44637795902905336,
              0,
              -0.1292213463916341,
              -0.4272832630826621,
              0.8948356643245754,
              0,
              -2.026902867768854e-9,
              0.038530703090649876,
              7.490733588966236e-10,
              1
            ]
          }
        }
      },
      "children": [
        23
      ]
    },
    {
      "rotation": [
        0.22698769014013262,
        -0.032538536576795535,
        -0.1467083184682033,
        0.9622341431515008
      ],
      "translation": [
        -2.026902867768854e-9,
        0.038530703090649876,
        7.490733588966236e-10
      ],
      "name": "mixamorigRightHandIndex2",
      "extras": {
        "transformData": {
          "eulerOrder": "ZYX",
          "translation": [
            -2.026902867768854e-9,
            0.038530703090649876,
            7.490733588966236e-10
          ],
          "preRotation": [
            6.361109591017356e-15,
            -2.335719884071372e-15,
            -3.7272125809649554e-16
          ],
          "parentMatrixWorld": {
            "elements": [
              -0.2846786327091311,
              0.21986208407266358,
              0.9330695710154177,
              0,
              0.2414122204782915,
              0.9584160931176597,
              -0.15217994278214267,
              0,
              -0.9277274924089569,
              0.18193201798655573,
              -0.3259179768814326,
              0,
              -6.257463713854605e-10,
              0.1063774689477246,
              -1.849942199427801e-9,
              1
            ]
          }
        }
      },
      "children": [
        24
      ]
    },
    {
      "rotation": [
        0.14389514503158357,
        0.8014069975218933,
        0.009281200219243257,
        -0.5804781681400094
      ],
      "translation": [
        -6.257463713854605e-10,
        0.1063774689477246,
        -1.849942199427801e-9
      ],
      "scale": [
        1,
        1,
        0.9999999999999999
      ],
      "name": "mixamorigRightHandIndex1",
      "extras": {
        "transformData": {
          "eulerOrder": "ZYX",
          "translation": [
            -6.257463713854605e-10,
            0.1063774689477246,
            -1.849942199427801e-9
          ],
          "preRotation": [
            -138.67493721663755,
            -89.90893578639042,
            -179.99740639968715
          ],
          "parentMatrixWorld": {
            "elements": [
              0.9752089363423144,
              -0.15306296395972663,
              -0.15981006691513364,
              0,
              0.09512252164627762,
              0.9420224895664812,
              -0.32178460221364164,
              0,
              0.1997979837215819,
              0.2986056821462069,
              0.9332284858260401,
              0,
              2.772226892489016e-11,
              0.5416282986980514,
              1.7152904874251362e-8,
              1
            ]
          }
        }
      },
      "children": [
        25
      ]
    },
    {
      "rotation": [
        -0.15808064472745634,
        0.09163114563035682,
        -0.06323974208763923,
        0.9811294188315257
      ],
      "translation": [
        2.772226892489016e-11,
        0.5416282986980514,
        1.7152904874251362e-8
      ],
      "name": "mixamorigRightHand",
      "extras": {
        "transformData": {
          "eulerOrder": "ZYX",
          "translation": [
            2.772226892489016e-11,
            0.5416282986980514,
            1.7152904874251362e-8
          ],
          "preRotation": [
            0.13855797423351923,
            5.624557634666681e-7,
            -11.73761487886808
          ],
          "parentMatrixWorld": {
            "elements": [
              -0.2561789350337504,
              -0.9336323005448106,
              -0.2504055854364378,
              0,
              0.9641396337666249,
              -0.26537732245356893,
              0.003085290500695559,
              0,
              -0.06933250636403711,
              -0.24063557466949814,
              0.9681361064615153,
              0,
              1.0824301177603246e-10,
              0.42424745705134814,
              -3.820698868395311e-9,
              1
            ]
          }
        }
      },
      "children": [
        26
      ]
    },
    {
      "rotation": [
        0.10131915040887278,
        0.07527533812389389,
        -0.78893795129098,
        0.6013691986822326
      ],
      "translation": [
        1.0824301177603246e-10,
        0.42424745705134814,
        -3.820698868395311e-9
      ],
      "scale": [
        0.9999999999999999,
        1,
        1
      ],
      "name": "mixamorigRightForeArm",
      "extras": {
        "transformData": {
          "eulerOrder": "ZYX",
          "translation": [
            1.0824301177603246e-10,
            0.42424745705134814,
            -3.820698868395311e-9
          ],
          "preRotation": [
            1.0393175346689842,
            5.344855778329399e-9,
            -0.23838686275619014
          ],
          "parentMatrixWorld": {
            "elements": [
              0.7231487727270899,
              0.32128564529667697,
              -0.6114175268594031,
              0,
              -0.03285684702875652,
              0.9002240338750856,
              0.4341855806298017,
              0,
              0.6899103460797642,
              -0.29389151901646815,
              0.6615523381955378,
              0,
              -1.2112941205622008e-10,
              0.24376408093983493,
              2.055370984521687e-9,
              1
            ]
          }
        }
      },
      "children": [
        22,
        27
      ]
    },
    {
      "rotation": [
        0.20085591891730903,
        0.3589996249832505,
        0.09769791655066434,
        0.9062181283614725
      ],
      "translation": [
        -1.2112941205622008e-10,
        0.24376408093983493,
        2.055370984521687e-9
      ],
      "name": "mixamorigRightArm",
      "extras": {
        "transformData": {
          "eulerOrder": "ZYX",
          "translation": [
            -1.2112941205622008e-10,
            0.24376408093983493,
            2.055370984521687e-9
          ],
          "preRotation": [
            38.186772199025484,
            -3.908021873344248,
            2.9569307131033936e-8
          ],
          "parentMatrixWorld": {
            "elements": [
              0.18329922537210463,
              0.06222598941395652,
              0.9810858204581494,
              0,
              -0.9707194342722547,
              -0.14616086873821343,
              0.1906328257198565,
              0,
              0.15525862548901942,
              -0.9873018892705704,
              0.03361276241784039,
              0,
              -0.11679063737392426,
              0.23377136557807177,
              -0.0025494230580569988,
              1
            ]
          }
        }
      },
      "children": [
        21,
        28
      ]
    },
    {
      "rotation": [
        -0.5691764514832983,
        0.3990385769170198,
        -0.4991178232100987,
        -0.5173855629131697
      ],
      "translation": [
        -0.11679063737392426,
        0.23377136557807177,
        -0.0025494230580569988
      ],
      "name": "mixamorigRightShoulder",
      "extras": {
        "transformData": {
          "eulerOrder": "ZYX",
          "translation": [
            -0.11679063737392426,
            0.23377136557807177,
            -0.0025494230580569988
          ],
          "preRotation": [
            -71.61117442662785,
            -88.74196788375723,
            -179.8289443026993
          ],
          "parentMatrixWorld": {
            "elements": [
              0.9961541446879901,
              -0.08365558856038875,
              -0.026051148215485164,
              0,
              0.08658959299021861,
              0.9853618120325094,
              0.14684802011521633,
              0,
              0.013385148729786567,
              -0.14853902224192014,
              0.9888159566282664,
              0,
              0,
              0.24243998876066097,
              6.69504590655734e-11,
              1
            ]
          }
        }
      },
      "children": [
        20,
        29
      ]
    },
    {
      "rotation": [
        0.07412215597784232,
        0.009895841503540876,
        -0.042720018456711195,
        0.9962845739586889
      ],
      "translation": [
        0,
        0.24243998876066097,
        6.69504590655734e-11
      ],
      "name": "mixamorigSpine2",
      "extras": {
        "transformData": {
          "eulerOrder": "ZYX",
          "translation": [
            0,
            0.24243998876066097,
            6.69504590655734e-11
          ],
          "preRotation": [
            -3.975693285497329e-16,
            0,
            0
          ],
          "parentMatrixWorld": {
            "elements": [
              0.996153451258368,
              -0.08367420733160451,
              -0.02601784707128393,
              0,
              0.08659783521324908,
              0.9854186341161728,
              0.14646135902475085,
              0,
              0.013383432862162554,
              -0.1481510775472986,
              0.988874178723946,
              0,
              0,
              0.21213504987435394,
              -9.559043834261871e-11,
              1
            ]
          }
        }
      },
      "children": [
        3,
        8,
        19,
        30
      ]
    },
    {
      "rotation": [
        0.07392671779919811,
        0.009886912231061772,
        -0.042726143487931315,
        0.9962989205481982
      ],
      "translation": [
        0,
        0.21213504987435394,
        -9.559043834261871e-11
      ],
      "name": "mixamorigSpine1",
      "extras": {
        "transformData": {
          "eulerOrder": "ZYX",
          "translation": [
            0,
            0.21213504987435394,
            -9.559043834261871e-11
          ],
          "preRotation": [
            -0.0000017048185891978688,
            0,
            0
          ],
          "parentMatrixWorld": {
            "elements": [
              0.9989548461663804,
              -0.043734685907403724,
              -0.013285051127314741,
              0,
              0.045155108815172755,
              0.9893365945832072,
              0.1384706427766558,
              0,
              0.00708741721394561,
              -0.13892580757969722,
              0.9902774301363204,
              0,
              0,
              0.18153929710388184,
              -0.010275457054376602,
              1
            ]
          }
        }
      },
      "children": [
        2,
        31
      ]
    },
    {
      "rotation": [
        0.06953564094558416,
        0.0051068160458914704,
        -0.022282220416358692,
        0.9973175143860128
      ],
      "translation": [
        0,
        0.18153929710388184,
        -0.010275457054376602
      ],
      "name": "mixamorigSpine",
      "extras": {
        "transformData": {
          "eulerOrder": "ZYX",
          "translation": [
            0,
            0.18153929710388184,
            -0.010275457054376602
          ],
          "preRotation": [
            -3.2395862622468528,
            0,
            0
          ],
          "parentMatrixWorld": {
            "elements": [
              0.5113603578957484,
              0.07690837323188376,
              0.8559180599941673,
              0,
              -0.07186833779612328,
              0.9963255186726281,
              -0.046587585866269404,
              0,
              -0.8563559804892916,
              -0.03769036032263387,
              0.5150086504642186,
              0,
              -0.004509688784838058,
              2.0084429932875794,
              0.010011461907399445,
              1
            ]
          }
        }
      },
      "children": [
        32
      ]
    },
    {
      "rotation": [
        -9.261640870089069e-11,
        2.1724701076903572e-16,
        -1.7347234595060626e-18,
        1
      ],
      "translation": [
        -2.4584861924026313e-11,
        0.08630067234648806,
        -2.05267920716512e-12
      ],
      "name": "mixamorigLeftToe_End",
      "extras": {
        "transformData": {
          "eulerOrder": "ZYX",
          "translation": [
            -2.4584861924026313e-11,
            0.08630067234648806,
            -2.05267920716512e-12
          ],
          "preRotation": [
            -1.0613058664439505e-8,
            2.4894673657779372e-14,
            -1.9878466800971677e-16
          ],
          "parentMatrixWorld": {
            "elements": [
              0.9999831985612464,
              -0.0029456214926648133,
              -0.004992585507846454,
              0,
              0.004670955195949428,
              0.9195021892225261,
              0.3930571333591751,
              0,
              0.003432895802182228,
              -0.3930738495766373,
              0.9195004991284612,
              0,
              -4.6071979564743515e-11,
              0.23192231323808085,
              8.408380935964743e-11,
              1
            ]
          }
        }
      }
    },
    {
      "rotation": [
        0.20061188287976556,
        0.002150089115507023,
        -0.001943665653393783,
        0.9796665228038499
      ],
      "translation": [
        -4.6071979564743515e-11,
        0.23192231323808085,
        8.408380935964743e-11
      ],
      "name": "mixamorigLeftToeBase",
      "extras": {
        "transformData": {
          "eulerOrder": "ZYX",
          "translation": [
            -4.6071979564743515e-11,
            0.23192231323808085,
            8.408380935964743e-11
          ],
          "preRotation": [
            22.807702605186723,
            -2.0695564918940677e-7,
            -1.610177376056371
          ],
          "parentMatrixWorld": {
            "elements": [
              0.9917014966915081,
              -0.1069039660361875,
              -0.07141207454400907,
              0,
              0.08825495955032817,
              0.1621866400124251,
              0.9828054971752471,
              0,
              -0.09348371226965357,
              -0.9809521523544604,
              0.17027553796803763,
              0,
              -2.1158708118917957e-10,
              1.0023635737321004,
              8.400643375372496e-11,
              1
            ]
          }
        }
      },
      "children": [
        34
      ]
    },
    {
      "rotation": [
        0.6440573186275903,
        -0.007238876861766804,
        -0.06400664274921834,
        0.7622604358080435
      ],
      "translation": [
        -2.1158708118917957e-10,
        1.0023635737321004,
        8.400643375372496e-11
      ],
      "scale": [
        0.9999999999999999,
        1,
        1
      ],
      "name": "mixamorigLeftFoot",
      "extras": {
        "transformData": {
          "eulerOrder": "ZYX",
          "translation": [
            -2.1158708118917957e-10,
            1.0023635737321004,
            8.400643375372496e-11
          ],
          "preRotation": [
            66.18000816370032,
            -0.18533004151585886,
            7.979677990750763e-8
          ],
          "parentMatrixWorld": {
            "elements": [
              0.9740945109613054,
              -0.2223519056843359,
              0.041225169802256205,
              0,
              0.18493672978855638,
              0.6783439949154078,
              -0.7110891936739542,
              0,
              0.13014718806718473,
              0.7002921286315476,
              0.7018921954582086,
              0,
              -4.882927395755132e-12,
              1.0604560369311213,
              -3.1722229010267e-11,
              1
            ]
          }
        }
      },
      "children": [
        35
      ]
    },
    {
      "rotation": [
        -0.38531101742218876,
        0.024275957735451544,
        -0.11119092766666644,
        0.9157416077458269
      ],
      "translation": [
        -4.882927395755132e-12,
        1.0604560369311213,
        -3.1722229010267e-11
      ],
      "scale": [
        1,
        1,
        0.9999999999999999
      ],
      "name": "mixamorigLeftLeg",
      "extras": {
        "transformData": {
          "eulerOrder": "ZYX",
          "translation": [
            -4.882927395755132e-12,
            1.0604560369311213,
            -3.1722229010267e-11
          ],
          "preRotation": [
            0.27277757744057296,
            -8.435921130844994e-12,
            -0.8767174400279261
          ],
          "parentMatrixWorld": {
            "elements": [
              -0.9059840479138566,
              -0.21901849522647343,
              0.3622484336994621,
              0,
              0.37337286974929557,
              -0.8166765240321475,
              0.44003667285929743,
              0,
              0.19946360345726705,
              0.5339199116671302,
              0.8216713518354001,
              0,
              0.15237702429294586,
              -0.10081291198730469,
              -0.01982182264328003,
              1
            ]
          }
        }
      },
      "children": [
        36
      ]
    },
    {
      "rotation": [
        0.14918204004075947,
        0.25866782368817576,
        0.9413198080064772,
        -0.1573299955915973
      ],
      "translation": [
        0.15237702429294586,
        -0.10081291198730469,
        -0.01982182264328003
      ],
      "scale": [
        1,
        0.9999999999999999,
        1
      ],
      "name": "mixamorigLeftUpLeg",
      "extras": {
        "transformData": {
          "eulerOrder": "ZYX",
          "translation": [
            0.15237702429294586,
            -0.10081291198730469,
            -0.01982182264328003
          ],
          "preRotation": [
            0.09051326213989314,
            0.00020783781910371305,
            179.86843696862127
          ],
          "parentMatrixWorld": {
            "elements": [
              0.5113603578957484,
              0.07690837323188376,
              0.8559180599941673,
              0,
              -0.07186833779612328,
              0.9963255186726281,
              -0.046587585866269404,
              0,
              -0.8563559804892916,
              -0.03769036032263387,
              0.5150086504642186,
              0,
              -0.004509688784838058,
              2.0084429932875794,
              0.010011461907399445,
              1
            ]
          }
        }
      },
      "children": [
        37
      ]
    },
    {
      "rotation": [
        2.0443646884728461e-10,
        9.188613378642665e-18,
        -1.73472347165969e-18,
        1
      ],
      "translation": [
        1.0082185086801587e-11,
        0.08626446174045058,
        -4.060359687363402e-12
      ],
      "name": "mixamorigRightToe_End",
      "extras": {
        "transformData": {
          "eulerOrder": "ZYX",
          "translation": [
            1.0082185086801587e-11,
            0.08626446174045058,
            -4.060359687363402e-12
          ],
          "preRotation": [
            2.3426693687014285e-8,
            1.052937532387976e-15,
            -1.9878466688150578e-16
          ],
          "parentMatrixWorld": {
            "elements": [
              0.9999579331602018,
              0.006240818910518497,
              0.006721910820006718,
              0,
              -0.0083463685456392,
              0.9230243598101169,
              0.3846509607244034,
              0,
              -0.003803950294939889,
              -0.384690883221103,
              0.9230376192696793,
              0,
              4.833985989272094e-11,
              0.2367831504025959,
              -2.905619217452582e-10,
              1
            ]
          }
        }
      }
    },
    {
      "rotation": [
        0.19614787411568188,
        -0.00268362535741646,
        0.003719082526668002,
        0.9805635766051849
      ],
      "translation": [
        4.833985989272094e-11,
        0.2367831504025959,
        -2.905619217452582e-10
      ],
      "name": "mixamorigRightToeBase",
      "extras": {
        "transformData": {
          "eulerOrder": "ZYX",
          "translation": [
            4.833985989272094e-11,
            0.2367831504025959,
            -2.905619217452582e-10
          ],
          "preRotation": [
            22.29832209358865,
            9.529215704887665e-8,
            1.5993986202284063
          ],
          "parentMatrixWorld": {
            "elements": [
              0.9398290044893026,
              0.2982187648255311,
              0.16669435131227706,
              0,
              -0.17033755014093113,
              -0.013928206878765613,
              0.9852872976449368,
              0,
              0.29615292918604064,
              -0.9543958865137733,
              0.03770772459413218,
              0,
              -9.568879022481269e-11,
              1.002344033912896,
              3.6471187181419396e-11,
              1
            ]
          }
        }
      },
      "children": [
        39
      ]
    },
    {
      "rotation": [
        0.692107196678003,
        0.046192705154059974,
        0.16718771409974714,
        0.7006440597167823
      ],
      "translation": [
        -9.568879022481269e-11,
        1.002344033912896,
        3.6471187181419396e-11
      ],
      "scale": [
        1,
        0.9999999999999999,
        0.9999999999999999
      ],
      "name": "mixamorigRightFoot",
      "extras": {
        "transformData": {
          "eulerOrder": "ZYX",
          "translation": [
            -9.568879022481269e-11,
            1.002344033912896,
